x_var list is [0, 0, 0, 0, 0, 0, 0, 0, 0, 0, 0, 0, 0, 0, 0, 0, 0, 0, 0, 0, 0, 0, 0, 1, 0, 0, 0, 0, 0, 1, 0, 1, 0, 0, 0, 0, 0, 1, 0, 0, 0, 0, 0, 0, 0, 0, 0, 0, 0, 0, 1, 0, 0, 0, 0, 0, 0, 0, 1, 0, 1, 0, 1, 0, 0, 0, 0, 0, 0, 0, 0, 0, 0, 0, 0, 0, 0, 0, 0, 0, 0, 0, 0, 0, 0, 0, 1, 0, 0, 0, 0, 0, 1, 0, 1, 0, 0, 0, 0, 0, 0, 0, 0, 0, 0, 0, 1, 0, 0, 0, 0, 0, 0, 0, 0, 0, 0, 0, 0, 0, 0, 0, 0, 0, 0, 1, 0, 0, 0, 0, 0, 0, 0, 0, 0, 0, 0, 0, 0, 1, 0, 0, 0, 0, 0, 0, 0, 0, 0, 0, 0, 0, 0, 0, 0, 0, 0, 1, 0, 1, 0, 0, 0, 0, 0, 0, 0, 0, 0, 0, 0, 0, 0, 0, 0, 0, 0, 0, 0, 0, 0, 0, 0, 0, 0, 0, 0, 0, 0, 0, 0, 0, 0, 0, 0, 0, 0, 0, 0, 0, 0, 0, 0, 0, 0, 0, 0, 0, 0, 0, 0, 0, 0, 0, 0, 0, 0, 0, 0, 0, 0, 0, 0, 0, 0, 0, 1, 0, 0, 0, 0, 0, 0, 0, 0, 0, 0, 0, 0, 0, 0, 0, 0, 0, 0, 1, 0, 0, 0, 0, 0, 0, 0, 0, 0, 0, 1, 0, 1, 0, 0, 0, 0, 0, 0, 0, 0, 0, 0, 0, 0, 0, 0, 0, 0, 0, 1, 0, 0, 1, 0, 0, 0, 0, 0, 0, 0, 0, 0, 0, 0, 0, 0, 0, 0, 0, 1, 0, 1, 0, 0, 0, 0, 0, 1, 0, 0, 1, 0, 0, 0, 0, 0, 0, 0, 0, 0, 0, 0, 0, 0, 0, 0, 0, 0, 0, 0, 0, 0, 1, 0, 0, 0, 0, 0, 0, 0, 0, 1, 0, 0, 0, 0, 0, 0, 0, 0, 0, 0, 0, 0, 0, 0, 0, 0, 0, 0, 0, 0, 0, 0, 0, 0, 0, 0, 0, 0, 0, 0, 0, 0, 0, 0, 0, 0, 0, 0, 0, 0, 0, 0, 0, 0, 0, 0, 0, 0, 0, 0, 0, 0, 0, 0, 0, 0, 0, 0, 0, 0, 0, 0, 0, 0, 0, 0, 0, 0, 0, 0, 0, 0, 0, 0, 0, 0, 0, 1, 0, 1, 0, 0, 0, 0, 0, 1, 0, 0, 1, 0, 0, 0, 0, 0, 0, 0, 0, 0, 0, 0, 0, 0, 0, 0, 0, 0, 0, 0, 0, 0, 0, 0, 1, 0, 0, 0, 0, 0, 1, 0, 1, 0, 0, 0, 0, 0, 0, 0, 0, 0, 0, 0, 0, 0, 0, 0, 0, 0, 0, 0, 0, 0, 0, 0, 0, 0, 0, 0, 0, 0, 0, 0, 1, 0, 1, 0, 1, 0, 0, 0, 0, 0, 0, 0, 0, 0, 0, 0, 0, 0, 0, 0, 0, 0, 0, 0, 0, 0, 0, 0, 0, 0, 0, 0, 1, 0, 0, 1, 1, 0, 0, 0, 0, 0, 0, 0, 0, 0, 0, 0, 0, 0, 0, 0, 0, 1, 0, 0, 1, 0, 0, 1, 1, 0, 0, 0, 0, 0, 0, 0, 1, 0, 0, 0, 0, 0, 0, 0, 0, 1, 0, 1, 0, 0, 0, 0, 0, 1, 0, 0, 0, 0, 0, 0, 1, 0, 0, 0, 0, 0, 1, 0, 1, 0, 0, 0, 0, 0, 0, 0, 0, 0, 0, 0, 1, 0, 0, 0, 0, 0, 0, 0, 0, 0, 0, 0, 0, 1, 0, 0, 0, 0, 0, 0, 0, 0, 0, 0, 0, 0, 0, 0, 0, 0, 0, 0, 0, 0, 0, 0, 1, 0, 0, 0, 0, 0, 0, 0, 0, 0, 1, 0, 0, 0, 0, 0, 0, 0, 0, 0, 0, 0, 0, 0, 0, 0, 0, 0, 0, 0, 0, 1, 1]

1th round left: input diff of Sbox: 
 0000 0000 0000 0000 0000 0001 0000 0101
1th round left: output diff of Sbox: 
 0000 0000 0000 0000 0000 0010 0000 1010
1th round right: 
 0000 0100 0000 0000 0010 0000 0010 1010
2th round left: input diff of Sbox: 
 0000 0000 0010 0000 0000 0000 0000 0100
2th round left: output diff of Sbox: 
 0000 0000 0001 0000 0000 0000 0000 0101
2th round right: 
 0000 0000 0000 0000 0000 0001 0000 0101
3th round left: input diff of Sbox: 
 0000 0000 0000 0000 0000 0000 0000 0000
3th round left: output diff of Sbox: 
 0000 0000 0000 0000 0000 0000 0000 0000
3th round right: 
 0000 0000 0010 0000 0000 0000 0000 0100
4th round left: input diff of Sbox: 
 0010 0000 0000 0000 0000 0100 0000 0000
4th round left: output diff of Sbox: 
 1010 0000 0000 0000 0000 1001 0000 0000
4th round right: 
 0000 0000 0000 0000 0000 0000 0000 0000
5th round left: input diff of Sbox: 
 0000 0000 1010 0000 1001 0000 0000 0000
5th round left: output diff of Sbox: 
 0000 0000 0100 0000 0010 0000 0000 0000
5th round right: 
 0010 0000 0000 0000 0000 0100 0000 0000
6th round left: input diff of Sbox: 
 0000 0000 0000 0000 0000 0000 0000 0000
6th round left: output diff of Sbox: 
 0000 0000 0000 0000 0000 0000 0000 0000
6th round right: 
 0000 0000 1010 0000 1001 0000 0000 0000
7th round left: input diff of Sbox: 
 1010 0000 1001 0000 0000 0000 0000 0000
7th round left: output diff of Sbox: 
 0001 0000 0101 0000 0000 0000 0000 0000
7th round right: 
 0000 0000 0000 0000 0000 0000 0000 0000
8th round left: input diff of Sbox: 
 0000 0000 0001 0101 0000 0000 0000 0000
8th round left: output diff of Sbox: 
 0000 0000 0001 0011 0000 0000 0000 0000
8th round right: 
 1010 0000 1001 0000 0000 0000 0000 0000
9th round left: input diff of Sbox: 
 1001 0011 0000 0001 0000 0000 1010 0000
9th round left: output diff of Sbox: 
 1000 0001 0000 0101 0000 0000 0001 0000
9th round right: 
 0000 0000 0001 0101 0000 0000 0000 0000
10th round left: input diff of Sbox: 
 0000 0000 1000 0000 0000 0000 0000 0001
10th round left: output diff of Sbox: 
 0000 0000 0100 0000 0000 0000 0000 0011
10th round right: 
 1001 0011 0000 0001 0000 0000 1010 0000