x_var list is [0, 0, 0, 0, 0, 0, 0, 0, 0, 0, 0, 0, 0, 1, 1, 1, 0, 0, 0, 0, 0, 0, 0, 0, 0, 0, 0, 0, 0, 0, 0, 0, 0, 0, 0, 0, 0, 0, 0, 0, 1, 1, 1, 1, 1, 0, 0, 1, 0, 1, 1, 0, 0, 0, 0, 0, 0, 0, 0, 0, 0, 0, 0, 0, 0, 0, 0, 0, 0, 0, 0, 0, 0, 0, 0, 0, 1, 0, 0, 1, 0, 0, 0, 0, 0, 0, 0, 0, 0, 0, 0, 0, 0, 0, 0, 0, 1, 1, 1, 1, 0, 0, 0, 0, 0, 1, 1, 0, 0, 0, 0, 0, 0, 0, 0, 0, 0, 0, 0, 0, 0, 0, 0, 0, 0, 0, 0, 0, 1, 1, 0, 1, 0, 0, 0, 0, 0, 1, 0, 0, 0, 0, 0, 0, 0, 0, 0, 0, 0, 0, 0, 0, 0, 0, 0, 0, 0, 0, 0, 0, 0, 0, 0, 0, 0, 1, 1, 1, 1, 1, 0, 1, 0, 1, 0, 0, 0, 0, 0, 0, 0, 0, 0, 0, 0, 0, 0, 0, 0, 0, 0, 0, 0, 0, 0, 0, 0, 1, 1, 0, 1, 1, 1, 0, 1, 0, 1, 0, 0, 0, 0, 0, 0, 0, 0, 0, 0, 0, 0, 0, 0, 0, 0, 0, 0, 0, 0, 0, 1, 0, 1, 0, 0, 0, 0, 0, 1, 1, 1, 0, 0, 0, 0, 0, 0, 0, 0, 0, 1, 1, 1, 1, 0, 0, 0, 0, 0, 0, 0, 0, 1, 1, 0, 1, 0, 0, 0, 0, 0, 1, 0, 0, 0, 0, 0, 0, 0, 0, 0, 0, 0, 1, 1, 1, 0, 0, 0, 0, 0, 0, 0, 0, 0, 0, 0, 0, 0, 0, 0, 0, 0, 0, 0, 0, 0, 0, 0, 0, 0, 0, 0, 0, 0, 0, 0, 0, 0, 0, 0, 0, 0, 0, 0, 0, 0, 0, 0, 0, 0, 0, 0, 0, 0, 0, 0, 0, 0, 0, 0, 0, 0, 0, 0, 0, 0, 0, 0, 0, 0, 0, 0, 0, 0, 0, 0, 0, 1, 1, 1, 0, 0, 0, 0, 0, 0, 0, 0, 0, 1, 1, 1, 1, 0, 0, 0, 0, 0, 0, 0, 0, 1, 0, 1, 0, 0, 0, 0, 0, 0, 1, 1, 0, 0, 0, 0, 0, 0, 0, 0, 0, 0, 1, 1, 1, 0, 0, 0, 0, 0, 0, 0, 0, 0, 1, 1, 0, 0, 1, 1, 0, 0, 0, 0, 0, 0, 0, 0, 0, 0, 0, 0, 0, 0, 0, 0, 0, 0, 1, 1, 0, 0, 1, 1, 1, 0, 0, 0, 0, 0, 0, 0, 1, 0, 0, 0, 0, 0, 0, 0, 0, 0, 0, 0, 0, 0, 0, 0, 0, 1, 0, 0, 0, 1, 1, 1, 0, 0, 0, 0, 0, 0, 0, 0, 0, 0, 0, 0, 0, 1, 1, 1, 0, 0, 0, 0, 0, 1, 0, 0, 0, 1, 0, 1, 0, 0, 0, 0, 0, 0, 0, 0, 0, 0, 0, 0, 0, 0, 0, 0, 0, 0, 1, 1, 0, 0, 0, 0, 0, 0, 1, 1, 0, 0, 1, 1, 1, 0, 0, 0, 0, 0, 0, 0, 0, 0, 0, 0, 0, 0, 0, 0, 0, 0, 0, 0, 0, 0, 0, 0, 0, 0, 0, 0, 0, 0, 0, 0, 0, 0, 0, 0, 0, 0, 0, 0, 0, 0, 0, 0, 0, 0, 0, 0, 0, 0, 0, 0, 0, 0, 0, 0, 0, 0, 0, 0, 0, 0, 0, 0, 0, 0, 0, 0, 0, 0, 0, 0, 0, 1, 1, 1, 0, 0, 0, 0, 0, 1, 0, 0, 0, 1, 0, 1, 0, 0, 0, 0, 0, 0, 0, 0, 0, 0, 0, 0, 0, 0, 0, 0, 0, 0, 1, 1, 1, 0, 0, 0, 0, 0, 1, 0, 0, 1, 1, 0, 0, 0, 0, 0, 0, 0, 0, 0, 0, 0, 0, 0, 0, 0, 0, 0, 0, 0, 0, 0, 0, 1, 1, 0, 0, 0, 1, 1, 1, 0, 1, 0, 0, 0, 0, 0, 0, 0, 0, 0, 0, 0, 0, 0, 0, 0, 0, 0, 0, 0, 0, 0, 0, 1, 0, 0, 0, 1, 1, 1, 0, 1, 0, 1, 0, 0, 0, 0, 0, 0, 0, 0, 0, 0, 0, 0, 0, 0, 0, 0, 0, 0, 0, 0, 0, 0, 0, 0, 0, 0, 0, 0, 0, 1, 1, 1, 0, 0, 0, 0, 0, 0, 0, 0, 0, 1, 1, 1, 0, 0, 0, 0, 0, 0, 0, 0, 0, 0, 0, 0, 0, 0, 0, 0, 0, 0, 1, 0, 0, 0, 0, 0, 0, 0, 0, 0, 0, 1, 1, 0, 0, 0, 0, 0, 0, 0, 1, 1, 1, 0, 0, 0, 0, 0, 0, 0, 0, 0, 0, 0, 0, 0, 0, 0, 0, 0, 0, 0, 0, 0, 0, 0, 0, 0, 0, 0, 0, 1, 1, 1, 0, 0, 0, 0, 0, 0, 0, 0, 0, 0, 0, 0, 0, 0, 0, 0, 0, 0, 0, 0, 0, 0, 0, 0, 0, 0, 0, 0, 0, 0, 0, 0, 0, 1, 1, 1, 0, 1, 1, 1, 0, 0, 0, 0, 0, 1, 1, 1, 0, 0, 0, 0, 0, 0, 0, 0, 0, 0, 0, 0, 0, 0, 0, 0, 0, 0, 1, 1, 0, 1, 1, 0, 1, 0, 0, 0, 0, 0, 1, 1, 1, 0, 0, 0, 0, 0, 0, 0, 0, 0, 0, 0, 0, 0, 1, 1, 0, 0, 0, 0, 0, 0, 0, 0, 0, 1, 1, 0, 1, 0, 0, 0, 0, 0, 0, 0, 0, 0, 0, 0, 0, 0, 0, 0, 0, 1, 1, 1, 0, 0, 0, 0, 0, 0, 0, 0, 0, 1, 1, 1, 0, 0, 0, 0, 0, 0, 0, 0, 0, 0, 0, 0, 0, 0, 0, 0, 0, 1, 1, 1, 0, 1, 1, 1, 0, 0, 0, 0, 0, 0, 0, 0, 0, 0, 0, 0, 0, 0, 0, 0, 0, 0, 0, 0, 0, 1, 1, 1, 0, 1, 0, 1, 0, 1, 0, 1, 0, 0, 0, 0, 0, 0, 0, 0, 0, 0, 0, 0, 0, 0, 0, 0, 0, 0, 0, 0, 0, 1, 0, 0, 1]

1th round left: input diff of Sbox: 
 0000 0000 0000 0111 0000 0000 0000 0000
1th round left: output diff of Sbox: 
 0000 0000 0000 1001 0000 0000 0000 0000
1th round right: 
 0000 0000 1111 1001 0110 0000 0000 0000
2th round left: input diff of Sbox: 
 1111 0000 0110 0000 0000 0000 0000 0000
2th round left: output diff of Sbox: 
 1101 0000 0100 0000 0000 0000 0000 0000
2th round right: 
 0000 0000 0000 0111 0000 0000 0000 0000
3th round left: input diff of Sbox: 
 0000 0111 1101 0100 0000 0000 0000 0000
3th round left: output diff of Sbox: 
 0000 0110 1110 1010 0000 0000 0000 0000
3th round right: 
 1111 0000 0110 0000 0000 0000 0000 0000
4th round left: input diff of Sbox: 
 0000 1010 0000 1110 0000 0000 1111 0000
4th round left: output diff of Sbox: 
 0000 1101 0000 0100 0000 0000 0111 0000
4th round right: 
 0000 0111 1101 0100 0000 0000 0000 0000
5th round left: input diff of Sbox: 
 0000 0000 0000 0000 0000 0000 0000 0000
5th round left: output diff of Sbox: 
 0000 0000 0000 0000 0000 0000 0000 0000
5th round right: 
 0000 1010 0000 1110 0000 0000 1111 0000
6th round left: input diff of Sbox: 
 0000 1110 0000 0000 1111 0000 0000 1010
6th round left: output diff of Sbox: 
 0000 0110 0000 0000 0111 0000 0000 0110
6th round right: 
 0000 0000 0000 0000 0000 0000 0000 0000
7th round left: input diff of Sbox: 
 0110 0000 0000 0000 0000 0110 0111 0000
7th round left: output diff of Sbox: 
 0001 0000 0000 0000 0000 1000 1110 0000
7th round right: 
 0000 1110 0000 0000 1111 0000 0000 1010
8th round left: input diff of Sbox: 
 0000 0000 1110 0000 1000 1010 0000 0000
8th round left: output diff of Sbox: 
 0000 0000 0110 0000 0110 0111 0000 0000
8th round right: 
 0110 0000 0000 0000 0000 0110 0111 0000
9th round left: input diff of Sbox: 
 0000 0000 0000 0000 0000 0000 0000 0000
9th round left: output diff of Sbox: 
 0000 0000 0000 0000 0000 0000 0000 0000
9th round right: 
 0000 0000 1110 0000 1000 1010 0000 0000
10th round left: input diff of Sbox: 
 1110 0000 1000 1010 0000 0000 0000 0000
10th round left: output diff of Sbox: 
 0111 0000 0100 1100 0000 0000 0000 0000
10th round right: 
 0000 0000 0000 0000 0000 0000 0000 0000
11th round left: input diff of Sbox: 
 0000 1100 0111 0100 0000 0000 0000 0000
11th round left: output diff of Sbox: 
 0000 1000 1110 1010 0000 0000 0000 0000
11th round right: 
 1110 0000 1000 1010 0000 0000 0000 0000
12th round left: input diff of Sbox: 
 0000 0000 0000 1110 0000 0000 1110 0000
12th round left: output diff of Sbox: 
 0000 0000 0000 0100 0000 0000 1100 0000
12th round right: 
 0000 1100 0111 0100 0000 0000 0000 0000
13th round left: input diff of Sbox: 
 0111 0000 0000 0000 0000 0000 0000 0000
13th round left: output diff of Sbox: 
 1110 0000 0000 0000 0000 0000 0000 0000
13th round right: 
 0000 0000 0000 1110 0000 0000 1110 0000
14th round left: input diff of Sbox: 
 0000 1110 1110 0000 1110 0000 0000 0000
14th round left: output diff of Sbox: 
 0000 0110 1101 0000 0111 0000 0000 0000
14th round right: 
 0111 0000 0000 0000 0000 0000 0000 0000
15th round left: input diff of Sbox: 
 0110 0000 0000 1101 0000 0000 0000 0000
15th round left: output diff of Sbox: 
 1110 0000 0000 1110 0000 0000 0000 0000
15th round right: 
 0000 1110 1110 0000 1110 0000 0000 0000
16th round left: input diff of Sbox: 
 1110 1110 0000 0000 0000 0000 0000 1110
16th round left: output diff of Sbox: 
 1010 1010 0000 0000 0000 0000 0000 1001
16th round right: 
 0110 0000 0000 1101 0000 0000 0000 0000