x_var list is [0, 0, 0, 0, 0, 0, 0, 0, 0, 0, 0, 0, 0, 0, 0, 0, 0, 0, 0, 0, 0, 0, 0, 0, 0, 0, 0, 0, 0, 0, 0, 0, 0, 0, 0, 0, 0, 0, 1, 0, 0, 0, 0, 0, 0, 0, 0, 0, 0, 0, 0, 0, 0, 0, 0, 0, 0, 0, 0, 0, 0, 0, 0, 0, 0, 0, 0, 0, 0, 0, 0, 0, 0, 0, 0, 0, 0, 0, 0, 0, 0, 0, 0, 0, 0, 0, 0, 0, 0, 0, 0, 0, 0, 0, 0, 0, 0, 0, 0, 0, 0, 0, 0, 0, 0, 0, 0, 0, 0, 0, 0, 0, 0, 0, 0, 0, 0, 0, 0, 0, 0, 0, 0, 0, 0, 0, 1, 0, 0, 0, 0, 0, 0, 0, 0, 0, 0, 0, 0, 0, 0, 0, 0, 0, 0, 0, 0, 0, 0, 0, 0, 0, 0, 0, 0, 0, 0, 0, 0, 1]

1th round left: input diff of Sbox: 
 0000 0000 0000 0000 0000 0000 0000 0000
1th round left: output diff of Sbox: 
 0000 0000 0000 0000 0000 0000 0000 0000
1th round right: 
 0000 0010 0000 0000 0000 0000 0000 0000
2th round left: input diff of Sbox: 
 0000 0000 0000 0000 0000 0000 0000 0010
2th round left: output diff of Sbox: 
 0000 0000 0000 0000 0000 0000 0000 0001
2th round right: 
 0000 0000 0000 0000 0000 0000 0000 0000