x_var list is [0, 0, 0, 0, 0, 0, 0, 0, 0, 0, 0, 0, 0, 0, 0, 1, 1, 1, 1, 1, 0, 0, 0, 0, 0, 1, 0, 1, 0, 0, 0, 0, 0, 1, 1, 0, 0, 1, 0, 0, 0, 0, 0, 0, 0, 0, 0, 1, 0, 0, 0, 0, 0, 0, 1, 0, 0, 0, 0, 0, 1, 0, 0, 1, 0, 0, 0, 0, 0, 0, 0, 0, 0, 0, 0, 0, 0, 0, 0, 1, 0, 1, 1, 0, 0, 0, 0, 0, 0, 1, 0, 0, 0, 0, 0, 0, 0, 0, 0, 0, 0, 0, 0, 0, 0, 0, 0, 0, 0, 0, 1, 0, 0, 0, 0, 0, 1, 0, 0, 1, 0, 0, 0, 0, 0, 0, 0, 0, 0, 0, 0, 0, 0, 0, 0, 0, 0, 0, 0, 0, 0, 0, 0, 1, 0, 0, 0, 0, 0, 1, 0, 1, 0, 0, 0, 0, 0, 0, 0, 0, 0, 0, 0, 0, 0, 0, 0, 0, 1, 1, 1, 1, 0, 0, 0, 0, 0, 0, 0, 0, 0, 0, 0, 0, 0, 0, 0, 0, 0, 0, 0, 0, 0, 0, 0, 0, 0, 0, 0, 0, 1, 0, 0, 1, 0, 0, 0, 0, 0, 0, 0, 0, 0, 0, 0, 0, 0, 0, 0, 0, 0, 0, 0, 0, 0, 0, 0, 0, 0, 0, 1, 0, 0, 0, 0, 0, 0, 0, 0, 0, 0, 0, 0, 0, 0, 0, 0, 0, 0, 0, 0, 0, 0, 0, 0, 0, 0, 0, 0, 0, 1, 1, 1, 1, 0, 0, 0, 0, 0, 0, 0, 0, 0, 0, 0, 0, 0, 0, 0, 0, 0, 0, 0, 0, 0, 0, 0, 0, 0, 0, 0, 0, 0, 0, 0, 0, 0, 0, 0, 0, 0, 0, 0, 0, 0, 0, 0, 0, 0, 0, 0, 0, 0, 0, 0, 0, 0, 0, 0, 0, 0, 0, 0, 0, 0, 0, 0, 0, 0, 0, 0, 0, 0, 0, 0, 0, 0, 0, 0, 0, 0, 0, 0, 0, 0, 0, 0, 0, 0, 0, 0, 0, 0, 0, 0, 0, 0, 0, 0, 0, 0, 0, 0, 0, 0, 0, 0, 0, 0, 0, 0, 0, 0, 0, 0, 0, 0, 0, 0, 0, 0, 0, 1, 0, 0, 0, 0, 0, 0, 0, 0, 0, 0, 0, 0, 0, 0, 0, 0, 0, 0, 0, 0, 0, 0, 0, 0, 0, 0, 0, 0, 0, 1, 1, 1, 1, 0, 0, 0, 0, 0, 0, 0, 0, 0, 0, 0, 0, 0, 0, 0, 0, 0, 0, 0, 0, 1, 1, 1, 1, 0, 0, 0, 0, 0, 0, 0, 0, 0, 0, 0, 0, 0, 0, 0, 0, 0, 0, 0, 0, 0, 0, 0, 0, 0, 0, 0, 0, 0, 1, 0, 0, 0, 0, 0, 0, 0, 0, 0, 0, 0, 0, 0, 0, 0, 0, 0, 0, 0, 0, 0, 0, 0, 0, 0, 0, 0, 1, 0, 0, 0, 0, 1, 0, 0, 0, 0, 0, 0, 0, 0, 0, 0, 0, 0, 0, 0, 0, 0, 0, 0, 0, 0, 0, 0, 0, 0, 0, 0, 1, 1, 1, 1, 0, 1, 1, 0, 0, 0, 0, 0, 0, 0, 0, 0, 0, 0, 0, 0, 0, 0, 0, 0, 0, 0, 0, 1, 1, 1, 1, 1, 0, 1, 1, 0, 0, 0, 0, 0, 1, 1, 1, 0, 0, 0, 0, 0, 0, 0, 0, 0, 0, 0, 0, 0, 0, 0, 0, 0, 1, 0, 1, 1, 0, 1, 1, 0, 0, 0, 0, 0, 1, 1, 0, 0, 0, 0, 0]

1th round left: input diff of Sbox: 
 0000 0000 0000 0001 1111 0000 0101 0000
1th round left: output diff of Sbox: 
 0000 0000 0000 0001 0110 0000 0100 0000
1th round right: 
 0110 0100 0000 0001 0000 0010 0000 1001
2th round left: input diff of Sbox: 
 0000 0000 0000 0010 0000 1001 0000 0000
2th round left: output diff of Sbox: 
 0000 0000 0000 0001 0000 0101 0000 0000
2th round right: 
 0000 0000 0000 0001 1111 0000 0101 0000
3th round left: input diff of Sbox: 
 0000 0000 1111 0000 0000 0000 0000 0000
3th round left: output diff of Sbox: 
 0000 0000 1001 0000 0000 0000 0000 0000
3th round right: 
 0000 0000 0000 0010 0000 1001 0000 0000
4th round left: input diff of Sbox: 
 0000 0010 0000 0000 0000 0000 0000 0000
4th round left: output diff of Sbox: 
 0000 1111 0000 0000 0000 0000 0000 0000
4th round right: 
 0000 0000 1111 0000 0000 0000 0000 0000
5th round left: input diff of Sbox: 
 0000 0000 0000 0000 0000 0000 0000 0000
5th round left: output diff of Sbox: 
 0000 0000 0000 0000 0000 0000 0000 0000
5th round right: 
 0000 0010 0000 0000 0000 0000 0000 0000
6th round left: input diff of Sbox: 
 0000 0000 0000 0000 0000 0000 0000 0010
6th round left: output diff of Sbox: 
 0000 0000 0000 0000 0000 0000 0000 1111
6th round right: 
 0000 0000 0000 0000 0000 0000 0000 0000
7th round left: input diff of Sbox: 
 0000 0000 0000 0000 0000 1111 0000 0000
7th round left: output diff of Sbox: 
 0000 0000 0000 0000 0000 0100 0000 0000
7th round right: 
 0000 0000 0000 0000 0000 0000 0000 0010
8th round left: input diff of Sbox: 
 0000 0000 0000 0000 0100 0010 0000 0000
8th round left: output diff of Sbox: 
 0000 0000 0000 0000 0111 1011 0000 0000
8th round right: 
 0000 0000 0000 0000 0000 1111 0000 0000
9th round left: input diff of Sbox: 
 0000 0000 0000 1111 1011 0000 0111 0000
9th round left: output diff of Sbox: 
 0000 0000 0000 0101 1011 0000 0110 0000
9th round right: 
 0000 0000 0000 0000 0100 0010 0000 0000