search process:
initialized: upperbound = max(40, 40) = 40.
initialized: LB_empty
[ 1  2  4  6 10 12 14 16 18 20 22 24 26 28 30 32 34 36 38  0  0  0  0  0  0
  0  0  0  0  0  0]
[ 2  4  6  8 10 12 14 16 18 20 22 24 26 28 30 32 34 36 38  0  0  0  0  0  0
  0  0  0  0  0  0]
[ 3  6  9 12 15 18 21 24 27 30 33 36 39 42 45 48 51 54 57  0  0  0  0  0  0
  0  0  0  0  0  0]
*****************************************************************
(*_*) We update upperbound = LB[19,2,10,241] = 38. 
*****************************************************************
From all of above, we obtain an optimal objective value:38.
time is 34 s.
