search process:
initialized: upperbound = max(48, 48) = 48.
initialized: LB_empty
[ 1  2  4  6 10 12 14 16 18 20 22 24 26 28 30 32 34 36 38 40 42 44 46  0  0
  0  0  0  0  0  0]
[ 2  4  6  8 10 12 14 16 18 20 22 24 26 28 30 32 34 36 38 40 42 44 46  0  0
  0  0  0  0  0  0]
[ 3  6  9 12 15 18 21 24 27 30 33 36 39 42 45 48 51 54 57 60 63 66 69  0  0
  0  0  0  0  0  0]
*****************************************************************
(*_*) We update upperbound = LB[23,2,12,241] = 46. 
*****************************************************************
From all of above, we obtain an optimal objective value:46.
time is 37 s.
