x_var list is [1, 0, 0, 1, 0, 0, 0, 0, 0, 0, 0, 0, 0, 0, 0, 0, 1, 0, 0, 1, 0, 0, 1, 1, 0, 0, 0, 0, 0, 0, 0, 0, 1, 0, 0, 0, 0, 0, 0, 0, 0, 1, 1, 1, 1, 0, 0, 0, 1, 0, 0, 0, 1, 1, 1, 1, 0, 0, 0, 0, 0, 0, 0, 0, 1, 0, 0, 0, 0, 0, 0, 0, 0, 0, 0, 0, 0, 0, 0, 0, 1, 0, 0, 0, 1, 1, 1, 1, 0, 0, 0, 0, 0, 0, 0, 0, 0, 0, 0, 0, 0, 0, 0, 0, 0, 1, 1, 1, 1, 0, 0, 0, 0, 0, 0, 0, 0, 0, 0, 0, 0, 0, 0, 0, 0, 0, 0, 0, 0, 0, 0, 0, 0, 0, 0, 0, 0, 0, 0, 0, 0, 0, 0, 0, 0, 0, 1, 1, 0, 0, 0, 0, 1, 0, 0, 1, 0, 0, 0, 0, 0, 0, 0, 0, 0, 0, 0, 0, 1, 0, 0, 1, 0, 0, 0, 0, 0, 0, 0, 0, 0, 0, 0, 0, 0, 0, 0, 0, 0, 0, 0, 0, 0, 0, 0, 0, 0, 0, 0, 0, 0, 0, 0, 0, 0, 0, 0, 0, 0, 0, 0, 0, 0, 0, 0, 0, 1, 0, 0, 0, 0, 0, 0, 0, 0, 0, 0, 0, 0, 0, 0, 0, 0, 0, 0, 0, 0, 0, 0, 0, 0, 0, 0, 0, 0, 0, 0, 0, 0, 0, 0, 0, 0, 1, 1, 1, 0, 0, 0, 0, 0, 0, 0, 0, 0, 0, 0, 0, 0, 0, 0, 0, 0, 0, 0, 0, 0, 0, 0, 0, 0, 0, 0, 0, 1, 0, 0, 1, 0, 0, 0, 0, 0, 0, 0, 0, 0, 0, 0, 0, 0, 0, 0, 0, 0, 0, 0, 0, 0, 0, 0, 0, 0, 0, 0, 0, 0, 0, 0, 0, 0, 0, 0, 0, 0, 0, 0, 0, 0, 0, 0, 0, 0, 0, 0, 0, 0, 0, 0, 0, 0, 0, 0, 0, 0, 0, 0, 0, 0, 0, 0, 0, 0, 0, 0, 0, 0, 0, 0, 0, 0, 0, 0, 0, 0, 0, 0, 0, 0, 0, 0, 0, 0, 1, 1, 1, 0, 0, 0, 0, 0, 0, 0, 0, 0, 0, 0, 0, 1, 0, 0, 1, 0, 0, 0, 0, 0, 0, 0, 0, 0, 0, 0, 0, 0, 0, 0, 0, 0, 0, 0, 0, 0, 0, 0, 0, 0, 0, 0, 0, 1, 0, 0, 1, 0, 0, 0, 0, 0, 0, 0, 0, 0, 0, 0, 0, 0, 0, 0, 0, 0, 0, 0, 0, 0, 0, 0, 0, 0, 0, 0, 0, 0, 0, 0, 0, 1, 0, 0, 0, 0, 0, 0, 0, 0, 0, 0, 0, 0, 0, 0, 0, 0, 0, 0, 0, 0, 0, 0, 0, 0, 1, 1, 1, 0, 0, 0, 0, 1, 0, 0, 0, 0, 0, 0, 0, 0, 0, 0, 0, 0, 0, 0, 0, 0, 0, 0, 0, 0, 0, 0, 0, 1, 0, 0, 1, 0, 0, 0, 0, 0, 0, 0, 0, 0, 0, 0, 0, 0, 0, 0, 0, 0, 0, 0, 0, 0, 0, 1, 1, 0, 0, 0, 0, 1, 0, 0, 1, 0, 0, 0, 0, 0, 0, 0, 0, 1, 0, 0, 1, 0, 0, 0, 0, 0, 0, 0, 0, 0, 0, 1, 1, 0, 0, 0, 0, 1, 0, 0, 0, 0, 0, 0, 0, 0, 0, 0, 0, 0, 0, 0, 0, 1, 0, 0, 0, 1, 1, 1, 1, 0, 0, 0, 0, 0, 0, 0, 0, 1, 0, 0, 0, 0, 0, 0, 0, 0, 1, 1, 1, 0, 0, 0, 0, 1, 0, 0, 0, 1, 1, 1, 1, 0, 0, 0, 0, 1, 0, 0, 0, 0, 0, 1, 1, 0, 1, 1, 0, 0, 0, 0, 0, 0, 0, 1, 1, 0, 0, 0, 0, 0, 0, 0, 0, 1, 0, 0, 1, 0, 0, 1, 1]

1th round left: input diff of Sbox: 
 1001 0000 0000 0000 1001 0011 0000 0000
1th round left: output diff of Sbox: 
 1000 0000 0000 0000 1000 1111 0000 0000
1th round right: 
 1000 0000 0111 1000 1000 1111 0000 0000
2th round left: input diff of Sbox: 
 0000 0000 0000 0000 1000 0000 0111 0000
2th round left: output diff of Sbox: 
 0000 0000 0000 0000 0011 0000 1001 0000
2th round right: 
 0000 0000 1001 0000 0011 0000 1001 0000
3th round left: input diff of Sbox: 
 0000 0000 0000 0000 0000 0000 1001 0000
3th round left: output diff of Sbox: 
 0000 0000 0000 0000 0000 0000 1000 0000
3th round right: 
 0000 0000 0000 0000 0000 0000 1000 0111
4th round left: input diff of Sbox: 
 0000 0000 0000 0000 0000 0000 0000 0111
4th round left: output diff of Sbox: 
 0000 0000 0000 0000 0000 0000 0000 1001
4th round right: 
 0000 0000 0000 0000 0000 0000 0000 1001
5th round left: input diff of Sbox: 
 0000 0000 0000 0000 0000 0000 0000 0000
5th round left: output diff of Sbox: 
 0000 0000 0000 0000 0000 0000 0000 0000
5th round right: 
 0000 0000 0000 0000 0000 0111 0000 0000
6th round left: input diff of Sbox: 
 0000 0111 0000 0000 0000 0000 0000 0000
6th round left: output diff of Sbox: 
 0000 1001 0000 0000 0000 0000 0000 0000
6th round right: 
 0000 0000 0000 0000 0000 0000 0000 0000
7th round left: input diff of Sbox: 
 0000 0000 1001 0000 0000 0000 0000 0000
7th round left: output diff of Sbox: 
 0000 0000 1000 0000 0000 0000 0000 0000
7th round right: 
 0111 0000 0000 0000 0000 0000 0000 0000
8th round left: input diff of Sbox: 
 0111 0000 0000 0000 0000 0000 1000 0000
8th round left: output diff of Sbox: 
 1001 0000 0000 0000 0000 0000 0011 0000
8th round right: 
 0000 0000 0000 1001 0000 0000 0000 0000
9th round left: input diff of Sbox: 
 1001 0000 0000 0000 1001 0011 0000 0000
9th round left: output diff of Sbox: 
 1000 0000 0000 0000 1000 1111 0000 0000
9th round right: 
 0000 0000 0111 0000 0000 0000 0000 1000
10th round left: input diff of Sbox: 
 1000 1111 0000 1000 0000 0000 0111 1000
10th round left: output diff of Sbox: 
 0011 0110 0000 0011 0000 0000 1001 0011
10th round right: 
 0000 0000 1001 0000 0011 0000 1001 0000