x_var list is [1, 1, 0, 1, 0, 0, 0, 0, 0, 0, 0, 0, 0, 0, 0, 0, 1, 1, 0, 1, 1, 1, 0, 0, 0, 0, 0, 0, 0, 0, 0, 0, 0, 0, 0, 1, 0, 0, 0, 0, 1, 0, 1, 1, 0, 0, 0, 1, 0, 0, 0, 1, 1, 1, 1, 0, 0, 0, 0, 0, 0, 0, 0, 0, 0, 0, 0, 1, 0, 0, 0, 0, 0, 0, 0, 0, 0, 0, 0, 0, 0, 0, 0, 1, 1, 1, 1, 0, 0, 0, 0, 0, 0, 0, 0, 0, 0, 0, 0, 0, 0, 0, 0, 0, 1, 0, 1, 1, 0, 0, 0, 1, 0, 0, 0, 0, 0, 0, 0, 0, 0, 0, 0, 0, 0, 0, 0, 0, 0, 0, 0, 0, 0, 0, 0, 0, 0, 0, 0, 0, 0, 0, 0, 0, 1, 1, 0, 0, 0, 0, 0, 0, 1, 1, 0, 1, 0, 0, 0, 0, 0, 0, 0, 0, 0, 0, 0, 0, 1, 1, 0, 1, 0, 0, 0, 0, 0, 0, 0, 0, 0, 0, 0, 0, 0, 0, 0, 0, 0, 0, 0, 0, 0, 0, 0, 0, 0, 0, 0, 0, 0, 0, 0, 0, 0, 0, 0, 0, 0, 0, 0, 0, 0, 0, 0, 0, 0, 0, 0, 1, 0, 0, 0, 0, 0, 0, 0, 0, 0, 0, 0, 0, 0, 0, 0, 0, 0, 0, 0, 0, 0, 0, 0, 0, 0, 0, 0, 0, 0, 0, 0, 0, 1, 0, 1, 1, 0, 0, 0, 0, 0, 0, 0, 0, 0, 0, 0, 0, 0, 0, 0, 0, 0, 0, 0, 0, 0, 0, 0, 0, 0, 0, 0, 0, 1, 1, 0, 1, 0, 0, 0, 0, 0, 0, 0, 0, 0, 0, 0, 0, 0, 0, 0, 0, 0, 0, 0, 0, 0, 0, 0, 0, 0, 0, 0, 0, 0, 0, 0, 0, 0, 0, 0, 0, 0, 0, 0, 0, 0, 0, 0, 0, 0, 0, 0, 0, 0, 0, 0, 0, 0, 0, 0, 0, 0, 0, 0, 0, 0, 0, 0, 0, 0, 0, 0, 0, 0, 0, 0, 0, 0, 0, 0, 0, 0, 0, 0, 0, 0, 0, 0, 0, 1, 0, 1, 1, 0, 0, 0, 0, 0, 0, 0, 0, 0, 0, 0, 0, 1, 1, 0, 1, 0, 0, 0, 0, 0, 0, 0, 0, 0, 0, 0, 0, 0, 0, 0, 0, 0, 0, 0, 0, 0, 0, 0, 0, 0, 0, 0, 0, 1, 1, 0, 1, 0, 0, 0, 0, 0, 0, 0, 0, 0, 0, 0, 0, 0, 0, 0, 0, 0, 0, 0, 0, 0, 0, 0, 0, 0, 0, 0, 0, 0, 0, 0, 0, 0, 0, 0, 1, 0, 0, 0, 0, 0, 0, 0, 0, 0, 0, 0, 0, 0, 0, 0, 0, 0, 0, 0, 0, 1, 0, 1, 1, 0, 0, 0, 0, 0, 0, 0, 1, 0, 0, 0, 0, 0, 0, 0, 0, 0, 0, 0, 0, 0, 0, 0, 0, 0, 0, 0, 0, 1, 1, 0, 1, 0, 0, 0, 0, 0, 0, 0, 0, 0, 0, 0, 0, 0, 0, 0, 0, 0, 0, 0, 0, 1, 1, 0, 0, 0, 0, 0, 0, 1, 1, 0, 1, 0, 0, 0, 0, 0, 0, 0, 0, 1, 1, 0, 1, 0, 0, 0, 0, 0, 0, 0, 0, 1, 1, 0, 0, 0, 0, 0, 0, 0, 0, 0, 1, 0, 0, 0, 0, 0, 0, 0, 0, 0, 0, 0, 0, 0, 0, 0, 1, 1, 1, 1, 0, 0, 0, 0, 0, 0, 0, 0, 0]

1th round left: input diff of Sbox: 
 1101 0000 0000 0000 1101 1100 0000 0000
1th round left: output diff of Sbox: 
 0001 0000 0000 0000 0001 1110 0000 0000
1th round right: 
 0001 0000 1011 0001 0001 1110 0000 0000
2th round left: input diff of Sbox: 
 0000 0000 0000 0000 0001 0000 1011 0000
2th round left: output diff of Sbox: 
 0000 0000 0000 0000 1100 0000 1101 0000
2th round right: 
 0000 0000 1101 0000 1100 0000 1101 0000
3th round left: input diff of Sbox: 
 0000 0000 0000 0000 0000 0000 1101 0000
3th round left: output diff of Sbox: 
 0000 0000 0000 0000 0000 0000 0001 0000
3th round right: 
 0000 0000 0000 0000 0000 0000 0001 1011
4th round left: input diff of Sbox: 
 0000 0000 0000 0000 0000 0000 0000 1011
4th round left: output diff of Sbox: 
 0000 0000 0000 0000 0000 0000 0000 1101
4th round right: 
 0000 0000 0000 0000 0000 0000 0000 1101
5th round left: input diff of Sbox: 
 0000 0000 0000 0000 0000 0000 0000 0000
5th round left: output diff of Sbox: 
 0000 0000 0000 0000 0000 0000 0000 0000
5th round right: 
 0000 0000 0000 0000 0000 1011 0000 0000
6th round left: input diff of Sbox: 
 0000 1011 0000 0000 0000 0000 0000 0000
6th round left: output diff of Sbox: 
 0000 1101 0000 0000 0000 0000 0000 0000
6th round right: 
 0000 0000 0000 0000 0000 0000 0000 0000
7th round left: input diff of Sbox: 
 0000 0000 1101 0000 0000 0000 0000 0000
7th round left: output diff of Sbox: 
 0000 0000 0001 0000 0000 0000 0000 0000
7th round right: 
 1011 0000 0000 0000 0000 0000 0000 0000
8th round left: input diff of Sbox: 
 1011 0000 0000 0000 0000 0000 0001 0000
8th round left: output diff of Sbox: 
 1101 0000 0000 0000 0000 0000 1100 0000
8th round right: 
 0000 0000 0000 1101 0000 0000 0000 0000
9th round left: input diff of Sbox: 
 1101 0000 0000 0000 1101 1100 0000 0000
9th round left: output diff of Sbox: 
 0001 0000 0000 0000 0001 1110 0000 0000
9th round right: 
 0000 0000 1011 0000 0000 0000 0000 0001