x_var list is [0, 0, 0, 0, 0, 0, 0, 0, 0, 0, 0, 0, 0, 0, 0, 0, 0, 0, 0, 0, 0, 0, 0, 0, 0, 0, 0, 0, 0, 1, 0, 0, 0, 0, 0, 0, 0, 1, 0, 0, 0, 0, 0, 0, 0, 0, 0, 0, 0, 0, 0, 0, 0, 0, 0, 0, 0, 0, 0, 0, 0, 1, 0, 0, 0, 0, 0, 0, 0, 0, 0, 0, 0, 0, 0, 0, 0, 0, 0, 0, 0, 0, 0, 0, 0, 0, 0, 0, 0, 0, 0, 0, 0, 1, 0, 0, 0, 0, 0, 0, 0, 0, 0, 0, 0, 0, 0, 0, 0, 0, 0, 0, 0, 0, 0, 0, 0, 0, 0, 0, 0, 0, 0, 0, 0, 1, 0, 0, 0, 0, 0, 0, 0, 0, 0, 0, 0, 0, 0, 0, 0, 0, 0, 0, 0, 0, 0, 0, 0, 0, 0, 0, 0, 0, 0, 0, 0, 1, 0, 0, 0, 0, 0, 0, 0, 0, 0, 0, 0, 0, 0, 0, 0, 0, 0, 0, 0, 0, 0, 0, 0, 0, 0, 0, 0, 0, 0, 0, 0, 0, 0, 0, 0, 0, 0, 0, 0, 0, 0, 0, 0, 0, 0, 0, 0, 0, 0, 0, 0, 0, 0, 0, 0, 0, 0, 0, 0, 0, 0, 0, 0, 0, 0, 0, 0, 0, 0, 0, 0, 0, 0, 0, 0, 0, 0, 0, 0, 0, 0, 0, 0, 0, 0, 0, 0, 1, 0, 0, 0, 0, 0, 0, 0, 0, 0, 0, 0, 0, 0, 0, 0, 0, 0, 0, 0, 0, 0, 0, 0, 0, 0, 0, 0, 0, 0, 0, 1, 0, 0, 1, 0, 0, 0, 0, 0, 0, 0, 0, 0, 0, 0, 0, 0, 0, 0, 0, 0, 0, 0, 0, 0, 0, 0, 0, 1, 0, 0, 1, 0, 0, 0, 0, 0, 0, 0, 0, 0, 0, 0, 0, 0, 0, 0, 0, 0, 0, 0, 0, 0, 0, 0, 0, 0, 0, 0, 0, 1, 0, 1, 0, 0, 0, 0, 0, 0, 0, 0, 0, 0, 0, 0, 0, 0, 0, 0, 0, 0, 0, 0, 0, 0, 0, 0, 0, 0, 1, 0, 0, 0, 0, 0, 0, 0, 0, 0, 0, 1, 0, 1, 0, 0, 0, 0, 0, 0, 0, 0, 0, 0, 0, 0, 0, 0, 0, 0, 0, 1, 0, 1, 0, 0, 0, 0, 0, 0, 0, 0, 0, 0, 0, 1, 0, 0, 0, 0, 0]

1th round left: input diff of Sbox: 
 0000 0000 0000 0000 0000 0000 0000 0100
1th round left: output diff of Sbox: 
 0000 0000 0000 0000 0000 0000 0000 0100
1th round right: 
 0000 0100 0000 0000 0000 0000 0000 0100
2th round left: input diff of Sbox: 
 0000 0000 0000 0000 0000 0000 0000 0100
2th round left: output diff of Sbox: 
 0000 0000 0000 0000 0000 0000 0000 0100
2th round right: 
 0000 0000 0000 0000 0000 0000 0000 0100
3th round left: input diff of Sbox: 
 0000 0000 0000 0000 0000 0000 0000 0000
3th round left: output diff of Sbox: 
 0000 0000 0000 0000 0000 0000 0000 0000
3th round right: 
 0000 0000 0000 0000 0000 0000 0000 0100
4th round left: input diff of Sbox: 
 0000 0000 0000 0000 0000 0100 0000 0000
4th round left: output diff of Sbox: 
 0000 0000 0000 0000 0000 1001 0000 0000
4th round right: 
 0000 0000 0000 0000 0000 0000 0000 0000
5th round left: input diff of Sbox: 
 0000 0000 0000 0000 1001 0000 0000 0000
5th round left: output diff of Sbox: 
 0000 0000 0000 0000 1010 0000 0000 0000
5th round right: 
 0000 0000 0000 0000 0000 0100 0000 0000
6th round left: input diff of Sbox: 
 0000 0000 0000 0100 0000 0000 1010 0000
6th round left: output diff of Sbox: 
 0000 0000 0000 1010 0000 0000 0010 0000
6th round right: 
 0000 0000 0000 0000 1001 0000 0000 0000