x_var list is [0, 0, 0, 0, 0, 0, 0, 0, 1, 1, 1, 1, 0, 0, 0, 0, 1, 1, 0, 1, 0, 0, 0, 0, 0, 1, 0, 0, 0, 1, 1, 1, 0, 0, 0, 0, 0, 0, 0, 0, 1, 1, 0, 1, 0, 0, 0, 0, 1, 0, 1, 1, 0, 0, 0, 0, 1, 0, 1, 0, 1, 1, 1, 1, 0, 0, 0, 0, 0, 0, 0, 0, 1, 1, 0, 1, 0, 0, 0, 0, 1, 0, 1, 1, 0, 0, 0, 0, 1, 1, 1, 1, 0, 1, 0, 0, 0, 0, 0, 0, 0, 0, 0, 0, 0, 0, 0, 0, 0, 0, 0, 0, 0, 0, 0, 0, 0, 0, 0, 0, 0, 1, 0, 1, 1, 0, 1, 1, 0, 0, 0, 0, 0, 0, 0, 0, 0, 0, 0, 0, 0, 0, 0, 0, 0, 0, 0, 0, 0, 1, 1, 1, 0, 0, 0, 0, 0, 1, 0, 0, 0, 0, 0, 0, 0, 0, 0, 0, 0, 0, 0, 0, 1, 1, 1, 1, 0, 0, 0, 0, 0, 0, 0, 0, 1, 1, 0, 1, 0, 0, 0, 0, 0, 0, 0, 0, 0, 0, 0, 0, 0, 0, 0, 0, 0, 0, 0, 0, 0, 1, 0, 1, 1, 0, 1, 1, 0, 0, 0, 0, 0, 0, 0, 0, 0, 0, 0, 0, 0, 0, 0, 0, 0, 0, 0, 0, 0, 0, 0, 0, 0, 0, 0, 0, 0, 0, 0, 0, 0, 0, 0, 0, 0, 0, 0, 0, 0, 0, 0, 0, 0, 0, 0, 0, 0, 0, 0, 0, 0, 0, 0, 0, 0, 0, 0, 0, 0, 0, 0, 0, 0, 0, 0, 0, 0, 0, 0, 0, 0, 0, 0, 0, 0, 0, 0, 0, 0, 0, 0, 0, 0, 0, 0, 0, 1, 1, 0, 1, 0, 0, 0, 0, 1, 1, 1, 1, 0, 0, 0, 0, 0, 0, 0, 0, 0, 0, 0, 0, 0, 0, 0, 0, 1, 0, 0, 0, 0, 0, 0, 0, 0, 1, 1, 0, 0, 0, 0, 0, 0, 0, 0, 0, 0, 0, 0, 0, 0, 0, 0, 0, 0, 0, 0, 0, 1, 0, 0, 0, 0, 0, 0, 0, 0, 1, 1, 0, 0, 0, 0, 0, 0, 0, 0, 0, 0, 0, 0, 0, 1, 1, 0, 1, 0, 0, 0, 0, 0, 0, 0, 0, 1, 1, 1, 1, 0, 0, 0, 0, 0, 0, 0, 0, 0, 0, 0, 0, 0, 0, 0, 0, 0, 0, 0, 0, 0, 0, 0, 0, 0, 0, 0, 0, 0, 0, 0, 0, 0, 0, 0, 0, 0, 0, 0, 0, 0, 0, 0, 0, 0, 0, 0, 0, 0, 0, 0, 0, 0, 0, 0, 0, 0, 0, 0, 0, 0, 0, 0, 0, 0, 0, 0, 0, 0, 0, 0, 0, 0, 0, 0, 0, 0, 1, 1, 0, 0, 0, 0, 0, 0, 0, 0, 0, 0, 0, 0, 0, 0, 0, 0, 0, 0, 0, 0, 0, 1, 0, 0, 0, 0, 0, 0, 0, 0, 1, 1, 1, 0, 0, 0, 0, 0, 0, 0, 0, 0, 0, 0, 0, 0, 0, 0, 0, 0, 0, 1, 0, 0, 0, 0, 0, 0, 0, 0, 0, 0, 1, 1, 1, 0, 0, 0, 0, 0, 0, 0, 0, 0, 0, 0, 0, 0, 0, 0, 0, 0, 0, 1, 0, 0, 0, 0, 0, 0, 0, 0, 0, 0, 1, 0, 1, 0, 0, 1, 1, 0, 0, 0, 0, 0, 0, 0, 0, 0, 0, 0, 0, 0, 0, 0, 0, 0, 0, 0, 0, 0, 0, 0, 0, 0, 1, 0, 1, 0, 0, 1, 1, 0, 1, 1, 0, 0, 0, 0, 0, 1, 0, 0, 0, 0, 0, 0, 0, 0, 0, 0, 0, 0, 0, 0, 0, 0, 0, 1, 0, 0, 0, 0, 0, 0, 1, 1, 1, 0, 0, 1, 0, 0, 0, 0, 0, 0, 0, 0, 0, 1, 1, 0, 0, 0, 0, 0, 0, 0, 0, 0, 0, 0, 0, 0, 0, 0, 0, 0, 0, 0, 0, 1, 0, 0, 0, 0, 0, 0, 0, 0, 0, 1, 1, 0, 0, 0, 0, 0, 0, 0, 0, 0, 0, 0, 0, 0, 0, 0, 0, 0, 0, 0, 0, 0, 0, 1, 0, 1, 1, 1, 0, 0, 1, 0, 0, 0, 0, 0, 0, 0, 0]

1th round left: input diff of Sbox: 
 0000 0000 1111 0000 1101 0000 0100 0111
1th round left: output diff of Sbox: 
 0000 0000 1101 0000 1011 0000 1111 0100
1th round right: 
 0000 0000 1101 0000 1011 0000 1010 1111
2th round left: input diff of Sbox: 
 0000 0000 0000 0000 0000 0101 0000 1011
2th round left: output diff of Sbox: 
 0000 0000 0000 0000 0000 0111 0000 0100
2th round right: 
 0000 0000 0000 1111 0000 0111 1101 0100
3th round left: input diff of Sbox: 
 0000 0000 0000 0000 1111 1101 0000 0000
3th round left: output diff of Sbox: 
 0000 0000 0000 0000 0101 1011 0000 0000
3th round right: 
 0000 0000 0000 0000 0101 1011 0000 0000
4th round left: input diff of Sbox: 
 0000 0000 0000 0000 0000 0000 0000 0000
4th round left: output diff of Sbox: 
 0000 0000 0000 0000 0000 0000 0000 0000
4th round right: 
 0000 0000 0000 0000 1101 0000 1111 0000
5th round left: input diff of Sbox: 
 0000 0000 0000 1101 0000 1111 0000 0000
5th round left: output diff of Sbox: 
 0000 0000 0000 1000 0000 0110 0000 0000
5th round right: 
 0000 0000 0000 0000 0000 0000 0000 0000
6th round left: input diff of Sbox: 
 0000 0110 0000 0000 1000 0000 0000 0000
6th round left: output diff of Sbox: 
 0000 1101 0000 0000 1111 0000 0000 0000
6th round right: 
 0000 1101 0000 0000 1111 0000 0000 0000
7th round left: input diff of Sbox: 
 0000 0000 0000 0000 0000 0000 0000 0000
7th round left: output diff of Sbox: 
 0000 0000 0000 0000 0000 0000 0000 0000
7th round right: 
 0110 0000 0000 0000 0000 0000 1000 0000
8th round left: input diff of Sbox: 
 0110 0000 0000 0000 0000 1000 0000 0000
8th round left: output diff of Sbox: 
 0111 0000 0000 0000 0000 0010 0000 0000
8th round right: 
 0000 0000 0000 0000 0000 0000 0000 0000
9th round left: input diff of Sbox: 
 0111 0010 0000 0000 0000 0000 0000 0000
9th round left: output diff of Sbox: 
 0101 0011 0000 0000 0000 0000 0000 0000
9th round right: 
 0000 0000 0110 0000 1000 0000 0000 0000
10th round left: input diff of Sbox: 
 0101 0000 0011 1000 0000 0000 0110 0000
10th round left: output diff of Sbox: 
 0010 0000 0111 0010 0000 0000 1100 0000
10th round right: 
 0010 0000 0111 0000 0000 0000 0000 0000
11th round left: input diff of Sbox: 
 0000 0000 0000 0000 0010 1100 0000 0000
11th round left: output diff of Sbox: 
 0000 0000 0000 0000 1011 1001 0000 0000
11th round right: 
 0000 1000 0101 0011 0000 0000 0000 0110