x_var list is [0, 0, 0, 0, 1, 0, 1, 1, 0, 0, 0, 0, 0, 0, 0, 0, 0, 0, 0, 0, 0, 0, 0, 0, 0, 0, 0, 0, 0, 0, 0, 0, 0, 0, 0, 0, 1, 1, 0, 1, 0, 0, 0, 0, 0, 0, 0, 0, 0, 1, 0, 0, 1, 1, 0, 1, 0, 0, 0, 0, 0, 0, 0, 0, 0, 0, 0, 0, 1, 1, 0, 1, 0, 0, 0, 0, 0, 0, 0, 0, 0, 0, 0, 0, 0, 0, 0, 0, 0, 0, 0, 0, 0, 0, 0, 0, 0, 0, 0, 0, 0, 0, 0, 0, 0, 0, 0, 0, 0, 0, 0, 0, 0, 1, 0, 0, 1, 1, 0, 1, 0, 0, 0, 0, 0, 0, 0, 0, 0, 0, 0, 0, 1, 0, 1, 1, 0, 0, 0, 0, 0, 1, 1, 0, 0, 0, 0, 0, 0, 0, 0, 0, 0, 0, 0, 0, 0, 0, 0, 0, 1, 0, 1, 1, 1, 0, 1, 1, 0, 0, 0, 0, 0, 1, 1, 0, 0, 0, 0, 0, 0, 0, 0, 0, 0, 0, 0, 0, 0, 0, 0, 0, 1, 1, 0, 1, 0, 0, 0, 0, 0, 1, 1, 1, 0, 0, 0, 0, 0, 0, 0, 1, 0, 0, 0, 0, 0, 0, 0, 0, 0, 0, 0, 0, 0, 0, 0, 0, 0, 1, 0, 0, 0, 1, 1, 1, 0, 0, 0, 0, 0, 0, 0, 1, 0, 0, 0, 0, 0, 0, 0, 0, 0, 0, 0, 0, 0, 0, 0, 0, 0, 0, 0, 0, 1, 0, 1, 1, 1, 0, 1, 1, 0, 0, 0, 0, 0, 0, 0, 0, 0, 1, 1, 0, 0, 0, 0, 0, 0, 0, 0, 0, 0, 0, 0, 0, 0, 0, 0, 0, 0, 0, 0, 0, 0, 0, 0, 0, 0, 0, 0, 0, 0, 0, 0, 0, 0, 0, 0, 0, 0, 0, 0, 0, 0, 0, 0, 0, 0, 0, 0, 0, 0, 0, 0, 0, 0, 0, 0, 0, 0, 0, 0, 0, 0, 0, 0, 0, 0, 0, 0, 0, 0, 0, 0, 0, 0, 0, 0, 1, 0, 0, 0, 0, 0, 1, 0, 0, 0, 0, 0, 0, 0, 0, 0, 0, 0, 0, 0, 0, 0, 1, 1, 1, 0, 0, 0, 0, 0, 0, 0, 0, 0, 1, 0, 1, 0, 0, 0, 0, 0, 1, 1, 0, 0, 0, 0, 0, 0, 0, 0, 0, 0, 1, 1, 0, 0, 0, 0, 0, 0, 0, 0, 0, 0, 1, 0, 1, 0, 0, 0, 0, 0, 1, 1, 0, 0, 0, 0, 0, 0, 0, 0, 0, 0, 1, 1, 0, 0, 0, 0, 0, 0, 0, 0, 0, 0, 0, 0, 0, 0, 0, 0, 1, 0, 0, 0, 0, 0, 0, 0, 0, 0, 0, 0, 1, 0, 0, 0, 1, 0, 0, 0, 0, 0, 0, 0, 0, 0, 0, 0, 0, 0, 0, 0, 0, 0, 0, 0, 0, 0, 1, 1, 1, 0, 1, 0, 1, 0, 0, 0, 1, 0, 0, 0, 0, 0, 1, 1, 0, 0, 0, 0, 0, 0, 0, 0, 0, 0, 0, 0, 0, 0, 1, 1, 0, 0, 0, 0, 0, 0, 1, 0, 1, 0, 0, 0, 0, 0, 0, 0, 0, 0, 0, 0, 0, 0, 0, 0, 0, 0, 0, 0, 0, 0, 0, 0, 0, 0, 0, 0, 0, 0, 0, 0, 0, 0, 0, 0, 0, 0, 0, 0, 0, 0, 0, 0, 0, 0, 0, 0, 0, 0, 0, 0, 0, 0, 0, 0, 0, 0, 0, 0, 0, 0, 0, 0, 0, 0, 1, 1, 1, 0, 0, 0, 0, 0, 0, 0, 0, 0, 0, 0, 0, 0, 1, 0, 1, 0, 0, 0, 1, 0, 0, 0, 0, 0, 0, 0, 0, 0, 1, 1, 0, 0, 1, 0, 1, 0, 0, 0, 0, 1, 0, 0, 1, 0, 0, 0, 0, 0, 0, 0, 0, 0, 0, 0, 0, 0, 0, 0, 0, 0, 1, 1, 0, 0, 1, 0, 1, 0, 0, 0, 0, 1, 0, 0, 1, 0, 0, 0, 0, 0, 0, 0, 0, 0, 0, 0, 0, 0, 0, 0, 0, 0, 0, 0, 1, 0, 0, 0, 0, 0, 1, 1, 0, 0, 0, 0, 0, 0, 1, 1, 1, 0, 0, 0, 0, 0, 0, 0, 0, 0, 0, 0, 0, 0, 0, 0, 0, 0, 1, 0, 1, 0, 0, 0, 1, 0, 0, 0, 0, 0, 1, 1, 1, 0, 0, 0, 0, 0, 0, 0, 0, 0, 0, 0, 0, 0, 0, 0, 0, 0, 0, 0, 0, 0, 1, 1, 0, 0, 1, 0, 1, 0, 0, 0, 0, 0, 0, 0, 0, 1, 0, 0, 1, 0, 0, 0, 0, 0, 0, 0, 0, 0, 0, 0, 0, 0, 0, 0, 0, 0, 0, 0, 0, 0, 0, 0, 0, 0, 0, 0, 0, 0, 0, 0, 0, 0, 0, 0, 0, 0, 0, 0, 0, 0, 0, 0, 0, 0, 0, 0, 0, 0, 0, 0, 0, 0, 0, 0, 0, 0, 0, 0, 0, 0, 0, 0, 0, 0, 0, 0, 0, 0, 0, 0, 0, 0, 1, 1, 1, 0, 0, 0, 0, 0, 1, 0, 1, 0, 0, 0, 0, 0, 0, 0, 0, 0, 0, 0, 0, 0, 0, 0, 1, 0, 0, 0, 0, 0, 0, 0, 0, 1, 1, 0, 0, 0, 0, 0, 0, 0, 1, 1, 1, 0, 0, 0, 0, 0, 0, 0, 0, 0, 1, 0, 1]

1th round left: input diff of Sbox: 
 0000 1011 0000 0000 0000 0000 0000 0000
1th round left: output diff of Sbox: 
 0000 1101 0000 0000 0000 0000 0000 0000
1th round right: 
 0000 1101 0000 0000 0100 1101 0000 0000
2th round left: input diff of Sbox: 
 0000 1101 0000 0100 0000 0000 0000 0000
2th round left: output diff of Sbox: 
 0000 1011 0000 0110 0000 0000 0000 0000
2th round right: 
 1011 0000 0000 0000 0000 0000 0000 0000
3th round left: input diff of Sbox: 
 1011 0000 1011 0000 0110 0000 0000 0000
3th round left: output diff of Sbox: 
 1101 0000 0111 0000 0001 0000 0000 0000
3th round right: 
 1101 0100 0000 0000 0000 0000 0000 0000
4th round left: input diff of Sbox: 
 0000 0000 0100 0001 0000 0000 0111 0000
4th round left: output diff of Sbox: 
 0000 0000 1011 1011 0000 0000 0110 0000
4th round right: 
 0000 0000 1011 1011 0000 0000 0110 0000
5th round left: input diff of Sbox: 
 0000 0000 0000 0000 0000 0000 0000 0000
5th round left: output diff of Sbox: 
 0000 0000 0000 0000 0000 0000 0000 0000
5th round right: 
 0000 0001 0000 0100 0000 0000 0000 0111
6th round left: input diff of Sbox: 
 0000 0000 0001 0000 0100 0000 0000 0111
6th round left: output diff of Sbox: 
 0000 0000 0101 0000 0110 0000 0000 0110
6th round right: 
 0000 0000 0000 0000 0000 0000 0000 0000
7th round left: input diff of Sbox: 
 0000 0000 0000 0110 0000 0000 0101 0110
7th round left: output diff of Sbox: 
 0000 0000 0000 0001 0000 0000 0001 0001
7th round right: 
 0000 0000 0000 0001 0000 0111 0100 0000
8th round left: input diff of Sbox: 
 0000 0111 0000 0000 0000 0101 0000 0001
8th round left: output diff of Sbox: 
 0000 0110 0000 0000 0000 0110 0000 0101
8th round right: 
 0000 0110 0000 0000 0000 0110 0000 0101
9th round left: input diff of Sbox: 
 0000 0000 0000 0000 0000 0000 0000 0000
9th round left: output diff of Sbox: 
 0000 0000 0000 0000 0000 0000 0000 0000
9th round right: 
 0111 0000 0000 0000 0101 0001 0000 0000
10th round left: input diff of Sbox: 
 0111 0001 0000 0101 0000 0000 0000 0000
10th round left: output diff of Sbox: 
 0110 0101 0000 1001 0000 0000 0000 0000
10th round right: 
 0000 0000 0000 0000 0000 0000 0000 0000
11th round left: input diff of Sbox: 
 0110 0000 0101 0000 1001 0000 0000 0000
11th round left: output diff of Sbox: 
 0001 0000 0110 0000 0111 0000 0000 0000
11th round right: 
 0001 0101 0111 0000 0000 0000 0000 0000
12th round left: input diff of Sbox: 
 0000 0000 0101 0111 0000 0000 0001 0000
12th round left: output diff of Sbox: 
 0000 0000 0110 0101 0000 0000 1001 0000
12th round right: 
 0000 0000 0110 0101 0000 0000 1001 0000
13th round left: input diff of Sbox: 
 0000 0000 0000 0000 0000 0000 0000 0000
13th round left: output diff of Sbox: 
 0000 0000 0000 0000 0000 0000 0000 0000
13th round right: 
 0000 0111 0000 0101 0000 0000 0000 0001
14th round left: input diff of Sbox: 
 0000 0000 0111 0000 0101 0000 0000 0001
14th round left: output diff of Sbox: 
 0000 0000 1100 0000 0111 0000 0000 0101
14th round right: 
 0000 0000 0000 0000 0000 0000 0000 0000