x_var list is [0, 0, 0, 0, 0, 0, 0, 0, 0, 0, 0, 0, 0, 0, 0, 0, 0, 0, 0, 0, 0, 0, 0, 0, 0, 0, 0, 0, 0, 0, 0, 0, 0, 0, 1, 0, 0, 0, 0, 0, 0, 0, 0, 0, 0, 0, 0, 0, 1, 1, 0, 0, 0, 1, 1, 0, 0, 0, 0, 0, 0, 0, 0, 0, 0, 0, 0, 0, 0, 0, 0, 0, 0, 0, 0, 0, 0, 0, 0, 0, 0, 0, 0, 0, 0, 0, 0, 0, 0, 0, 0, 0, 0, 0, 0, 0, 0, 0, 1, 0, 0, 0, 0, 0, 0, 0, 0, 0, 0, 0, 0, 0, 1, 1, 0, 0, 0, 1, 1, 0, 0, 0, 0, 0, 0, 0, 0, 0, 1, 1, 1, 0, 1, 1, 1, 0, 0, 0, 0, 0, 1, 1, 1, 0, 0, 0, 0, 0, 0, 0, 0, 0, 0, 0, 0, 0, 0, 0, 0, 0, 1, 1, 1, 0, 1, 1, 1, 0, 0, 0, 0, 0, 1, 1, 1, 0, 0, 0, 0, 0, 0, 0, 0, 0, 0, 0, 0, 0, 0, 0, 0, 0, 0, 1, 1, 0, 0, 0, 0, 0, 1, 1, 1, 0, 0, 0, 0, 0, 1, 1, 0, 0, 0, 0, 0, 0, 0, 0, 0, 0, 0, 0, 0, 0, 0, 0, 0, 0, 1, 1, 0, 0, 1, 1, 0, 0, 0, 0, 0, 0, 1, 1, 0, 0, 0, 0, 0, 0, 0, 0, 0, 0, 0, 0, 0, 0, 0, 0, 0, 0, 0, 0, 0, 0, 1, 1, 1, 0, 1, 1, 1, 0, 0, 0, 0, 0, 0, 0, 0, 0, 1, 1, 1, 0, 0, 0, 0, 0, 0, 0, 0, 0, 0, 0, 0, 0, 0, 0, 0, 0, 0, 0, 0, 0, 0, 0, 0, 0, 0, 0, 0, 0, 0, 0, 0, 0, 0, 0, 0, 0, 0, 0, 0, 0, 0, 0, 0, 0, 0, 0, 0, 0, 0, 0, 0, 0, 0, 0, 0, 0, 0, 0, 0, 0, 0, 0, 0, 0, 0, 0, 0, 0, 0, 0, 0, 0, 1, 1, 0, 0, 0, 0, 0, 0, 1, 1, 0, 0, 0, 0, 0, 0, 0, 0, 0, 0, 0, 0, 0, 0, 1, 1, 0, 0, 0, 0, 0, 0, 0, 0, 0, 0, 1, 0, 0, 1, 0, 0, 0, 0, 1, 1, 1, 0, 0, 0, 0, 0, 0, 0, 0, 0, 0, 0, 1, 0, 0, 0, 0, 0, 0, 0, 0, 0, 1, 0, 0, 1, 0, 0, 0, 0, 1, 1, 1, 0, 0, 0, 0, 0, 0, 0, 0, 0, 0, 0, 1, 0, 0, 0, 0, 0, 0, 0, 0, 0, 0, 0, 0, 0, 1, 1, 0, 0, 0, 0, 0, 0, 0, 0, 0, 0, 1, 1, 0, 1, 0, 1, 0, 0, 0, 0, 0, 0, 0, 0, 0, 0, 0, 0, 0, 0, 0, 0, 0, 0, 0, 0, 0, 0, 1, 1, 0, 0, 0, 0, 0, 1, 0, 1, 0, 0, 0, 0, 0, 0, 1, 1, 1, 0, 0, 0, 0, 0, 0, 0, 0, 0, 0, 0, 0, 0, 0, 0, 1, 0, 0, 0, 0, 0, 1, 0, 0, 1, 0, 0, 0, 0, 0, 0, 0, 0, 0, 0, 0, 0, 0, 0, 0, 0, 0, 0, 0, 0, 0, 0, 0, 0, 0, 0, 0, 0, 0, 0, 0, 0, 0, 0, 0, 0, 0, 0, 0, 0, 0, 0, 0, 0, 0, 0, 0, 0, 0, 0, 0, 0, 0, 0, 0, 0, 0, 0, 0, 0, 0, 0, 0, 0, 1, 1, 0, 0, 0, 0, 0, 0, 0, 0, 0, 0, 0, 0, 0, 0, 0, 0, 0, 1, 0, 1, 0, 0, 0, 0, 0, 0, 0, 0, 0, 0, 1, 0, 1, 0, 0, 0, 1, 1, 0, 0, 0, 0, 0, 1, 0, 1, 0, 0, 0, 0, 0, 0, 0, 0, 0, 0, 0, 0, 0, 0, 0, 0, 1, 0, 1, 0, 0, 0, 1, 1, 0, 0, 0, 0, 0, 1, 0, 1, 0, 0, 0, 0, 0, 0, 0, 0, 0, 0, 0, 0, 0, 0, 0, 0, 0, 1, 0, 0, 0, 0, 0, 0, 1, 1, 1, 0, 0, 0, 0, 0, 1, 0, 0, 1, 0, 0, 0, 0, 0, 0, 0, 0, 0, 0, 0, 0, 0, 0, 0, 0, 0, 0, 0, 1, 0, 0, 1, 0, 0, 0, 0, 0, 1, 0, 0, 1, 0, 0, 0, 0, 0, 0, 0, 0, 0, 0, 0, 0, 0, 0, 0, 0, 0, 0, 0, 0, 1, 0, 1, 0, 0, 0, 1, 1, 0, 0, 0, 0, 0, 0, 0, 0, 0, 1, 0, 1, 0, 0, 0, 0, 0, 0, 0, 0, 0, 0, 0, 0, 0, 0, 0, 0, 0, 0, 0, 0, 0, 0, 0, 0, 0, 0, 0, 0, 0, 0, 0, 0, 0, 0, 0, 0, 0, 0, 0, 0, 0, 0, 0, 0, 0, 0, 0, 0, 0, 0, 0, 0, 0, 0, 0, 0, 0, 0, 0, 0, 0, 0, 0, 0, 0, 0, 0, 0, 0, 0, 0, 0, 1, 0, 0, 1, 0, 0, 0, 0, 0, 0, 0, 1, 0, 0, 0, 0, 0, 0, 0, 0, 0, 0, 0, 0, 0, 0, 1, 0, 0, 0, 0, 0, 0, 0, 0, 0, 1, 1, 0, 1, 0, 0, 0, 0, 0, 1, 0, 1, 0, 0, 0, 0, 0, 0, 0, 0, 1, 1, 1, 0, 0, 0, 0, 0, 0, 0, 0, 0, 1, 1, 0, 1, 0, 0, 0, 0, 0, 1, 0, 1, 0, 0, 0, 0, 0, 0, 0, 0, 1, 1, 1, 0, 0, 0, 0, 0, 0, 0, 0, 0, 0, 0, 0, 0, 1, 0, 0, 1, 0, 0, 0, 0, 0, 0, 0, 0, 0, 0, 0, 1, 0, 1, 1, 0, 0, 0, 0, 0, 0, 0, 0, 0, 0, 0, 0, 0, 0, 0, 0, 0, 0, 0, 0, 0, 0, 0, 1, 0, 0, 0, 0, 0, 0, 1, 1, 0, 0, 0, 0, 0, 0, 1, 0, 1, 0, 0, 0, 0, 0, 0, 0, 0, 0, 0, 0, 0, 0, 0, 0, 0, 0, 0, 0, 0, 1, 1, 0, 1, 0, 0, 0, 0, 0, 0, 0, 0, 0, 0, 0, 0, 0, 0, 0, 0, 0, 0, 0, 0, 1, 1, 1, 0, 0, 0, 0, 0, 0, 0, 0, 0, 0, 0, 0, 0, 1, 1, 1, 1, 0, 0, 0, 0, 0, 0, 0, 0, 0, 0, 0, 0, 0, 0, 0, 0, 0, 0, 0, 0, 0, 0, 0, 0, 0, 0, 1, 0, 1, 1, 1, 1, 0, 0, 0, 0, 0, 0, 0, 0, 0, 0, 0, 0, 0, 1, 1, 0, 0, 0, 0, 0, 0, 0, 0, 0, 1, 1, 1, 0, 0, 1, 1, 1, 1, 1, 0, 1, 0, 0, 0, 0, 0, 0, 0, 0, 0, 0, 0, 0, 0, 0, 0, 0, 0, 0, 0, 0, 0, 0, 0, 0, 0, 1, 1, 1, 1, 1, 0, 1, 0, 0, 0, 0, 0, 0, 0, 0, 0, 0, 0, 0, 0, 0, 0, 0, 0, 0, 0, 0, 0, 0, 0, 0, 0, 0, 0, 0, 0, 1, 0, 1, 0, 0, 0, 0, 0, 0, 0, 0, 0, 0, 0, 0, 1, 1, 1, 0, 0, 0, 0, 0]

1th round left: input diff of Sbox: 
 0000 0000 0000 0000 0000 0000 0000 0000
1th round left: output diff of Sbox: 
 0000 0000 0000 0000 0000 0000 0000 0000
1th round right: 
 0010 0000 0000 0000 1100 0110 0000 0000
2th round left: input diff of Sbox: 
 0010 0110 0000 1100 0000 0000 0000 0000
2th round left: output diff of Sbox: 
 1110 1110 0000 1110 0000 0000 0000 0000
2th round right: 
 0000 0000 0000 0000 0000 0000 0000 0000
3th round left: input diff of Sbox: 
 1110 0000 1110 0000 1110 0000 0000 0000
3th round left: output diff of Sbox: 
 0110 0000 1110 0000 1100 0000 0000 0000
3th round right: 
 0110 1100 0010 0000 0000 0000 0000 0000
4th round left: input diff of Sbox: 
 0000 0000 1100 1100 0000 0000 1100 0000
4th round left: output diff of Sbox: 
 0000 0000 1110 1110 0000 0000 1110 0000
4th round right: 
 0000 0000 1110 1110 0000 0000 1110 0000
5th round left: input diff of Sbox: 
 0000 0000 0000 0000 0000 0000 0000 0000
5th round left: output diff of Sbox: 
 0000 0000 0000 0000 0000 0000 0000 0000
5th round right: 
 0000 1100 0000 1100 0000 0000 0000 1100
6th round left: input diff of Sbox: 
 0000 0000 1100 0000 1100 0000 0000 1100
6th round left: output diff of Sbox: 
 0000 0000 1001 0000 1110 0000 0000 0010
6th round right: 
 0000 0000 0000 0000 0000 0000 0000 0000
7th round left: input diff of Sbox: 
 0000 0000 0000 1110 0000 0000 1001 0010
7th round left: output diff of Sbox: 
 0000 0000 0000 1100 0000 0000 1101 0100
7th round right: 
 0000 0000 0000 1100 0000 1100 1100 0000
8th round left: input diff of Sbox: 
 0000 1100 0000 0000 0000 0001 0000 0100
8th round left: output diff of Sbox: 
 0000 1110 0000 0000 0000 0010 0000 1001
8th round right: 
 0000 1110 0000 0000 0000 0010 0000 1001
9th round left: input diff of Sbox: 
 0000 0000 0000 0000 0000 0000 0000 0000
9th round left: output diff of Sbox: 
 0000 0000 0000 0000 0000 0000 0000 0000
9th round right: 
 1100 0000 0000 0000 0001 0100 0000 0000
10th round left: input diff of Sbox: 
 1100 0100 0000 0001 0000 0000 0000 0000
10th round left: output diff of Sbox: 
 1010 0011 0000 0101 0000 0000 0000 0000
10th round right: 
 0000 0000 0000 0000 0000 0000 0000 0000
11th round left: input diff of Sbox: 
 1010 0000 0011 0000 0101 0000 0000 0000
11th round left: output diff of Sbox: 
 0100 0000 1110 0000 1001 0000 0000 0000
11th round right: 
 0100 0001 1100 0000 0000 0000 0000 0000
12th round left: input diff of Sbox: 
 0000 0000 0001 1001 0000 0000 0010 0000
12th round left: output diff of Sbox: 
 0000 0000 1010 0011 0000 0000 0101 0000
12th round right: 
 0000 0000 1010 0011 0000 0000 0101 0000
13th round left: input diff of Sbox: 
 0000 0000 0000 0000 0000 0000 0000 0000
13th round left: output diff of Sbox: 
 0000 0000 0000 0000 0000 0000 0000 0000
13th round right: 
 0000 1001 0000 0001 0000 0000 0000 0010
14th round left: input diff of Sbox: 
 0000 0000 1001 0000 0001 0000 0000 0010
14th round left: output diff of Sbox: 
 0000 0000 1101 0000 0101 0000 0000 1110
14th round right: 
 0000 0000 0000 0000 0000 0000 0000 0000
15th round left: input diff of Sbox: 
 0000 0000 0000 0101 0000 0000 1101 1110
15th round left: output diff of Sbox: 
 0000 0000 0000 1001 0000 0000 0001 0110
15th round right: 
 0000 0000 0000 1001 0000 0010 0001 0000
16th round left: input diff of Sbox: 
 0000 0010 0000 0000 0000 0000 0000 0110
16th round left: output diff of Sbox: 
 0000 0101 0000 0000 0000 0000 0000 1101
16th round right: 
 0000 0101 0000 0000 0000 1110 0000 1101
17th round left: input diff of Sbox: 
 0000 1110 0000 0000 0000 0000 0000 0000
17th round left: output diff of Sbox: 
 0000 1111 0000 0000 0000 0000 0000 0000
17th round right: 
 0010 0000 0000 0000 0000 0110 0000 0000
18th round left: input diff of Sbox: 
 0010 0110 1111 0000 0000 0000 0000 0000
18th round left: output diff of Sbox: 
 1110 0111 1101 0000 0000 0000 0000 0000
18th round right: 
 1110 0000 0000 0000 0000 0000 0000 0000
19th round left: input diff of Sbox: 
 0000 0000 0111 0000 0000 0000 1101 0000
19th round left: output diff of Sbox: 
 0000 0000 0101 0000 0000 0000 1110 0000
19th round right: 
 0110 0000 0010 1111 0000 0000 0000 0000