x_var list is [0, 0, 0, 0, 0, 0, 0, 0, 0, 0, 0, 0, 0, 0, 0, 0, 0, 0, 0, 0, 0, 0, 0, 0, 0, 0, 0, 0, 0, 0, 0, 0, 0, 1, 1, 1, 0, 0, 0, 0, 0, 0, 0, 0, 0, 0, 0, 0, 1, 0, 0, 0, 0, 1, 1, 1, 0, 0, 0, 0, 0, 0, 0, 0, 0, 0, 0, 0, 0, 0, 0, 0, 0, 0, 0, 0, 0, 0, 0, 0, 0, 0, 0, 0, 0, 0, 0, 0, 0, 0, 0, 0, 0, 0, 0, 0, 0, 1, 1, 1, 0, 0, 0, 0, 0, 0, 0, 0, 0, 0, 0, 0, 1, 0, 0, 0, 0, 1, 1, 1, 0, 0, 0, 0, 0, 0, 0, 0, 0, 0, 1, 1, 0, 0, 1, 1, 0, 0, 0, 0, 0, 0, 1, 1, 0, 0, 0, 0, 0, 0, 0, 0, 0, 0, 0, 0, 0, 0, 0, 0, 0, 0, 1, 1, 0, 0, 1, 1, 0, 0, 0, 0, 0, 0, 1, 1, 0, 0, 0, 0, 0, 0, 0, 0, 0, 0, 0, 0, 0, 0, 0, 0, 0, 1, 1, 1, 0, 0, 0, 0, 1, 1, 1, 0, 0, 0, 0, 0, 0, 1, 1, 1, 0, 0, 0, 0, 0, 0, 0, 0, 0, 0, 0, 0, 0, 0, 0, 0, 1, 0, 0, 0, 1, 0, 0, 1, 0, 0, 0, 0, 0, 1, 1, 1, 0, 0, 0, 0, 0, 0, 0, 0, 0, 0, 0, 0, 0, 0, 0, 0, 0, 0, 0, 0, 0, 0, 1, 1, 0, 0, 1, 1, 0, 0, 0, 0, 0, 0, 0, 0, 0, 0, 1, 1, 0, 0, 0, 0, 0, 0, 0, 0, 0, 0, 0, 0, 0, 0, 0, 0, 0, 0, 0, 0, 0, 0, 0, 0, 0, 0, 0, 0, 0, 0, 0, 0, 0, 0, 0, 0, 0, 0, 0, 0, 0, 0, 0, 0, 0, 0, 0, 0, 0, 0, 0, 0, 0, 0, 0, 0, 0, 0, 0, 0, 0, 0, 0, 0, 0, 0, 0, 0, 0, 0, 0, 0, 0, 1, 1, 1, 0, 0, 0, 0, 1, 0, 0, 0, 0, 0, 0, 0, 0, 0, 0, 0, 0, 0, 0, 0, 1, 0, 0, 1, 0, 0, 0, 0, 0, 0, 0, 0, 0, 1, 1, 0, 0, 0, 0, 0, 0, 0, 1, 1, 0, 0, 0, 0, 0, 0, 0, 0, 0, 0, 1, 1, 0, 0, 0, 0, 0, 0, 0, 0, 0, 1, 1, 0, 0, 0, 0, 0, 0, 0, 1, 1, 0, 0, 0, 0, 0, 0, 0, 0, 0, 0, 1, 1, 0, 0, 0, 0, 0, 0, 0, 0, 0, 0, 0, 0, 0, 1, 1, 1, 0, 0, 0, 0, 0, 0, 0, 0, 0, 0, 0, 1, 0, 1, 1, 1, 0, 0, 0, 0, 0, 0, 0, 0, 0, 0, 0, 0, 0, 0, 0, 0, 0, 0, 0, 0, 1, 0, 0, 1, 1, 0, 0, 1, 0, 1, 1, 1, 0, 0, 0, 0, 0, 0, 1, 1, 0, 0, 0, 0, 0, 0, 0, 0, 0, 0, 0, 0, 0, 0, 1, 1, 0, 0, 0, 0, 0, 1, 1, 0, 0, 0, 0, 0, 0, 0, 0, 0, 0, 0, 0, 0, 0, 0, 0, 0, 0, 0, 0, 0, 0, 0, 0, 0, 0, 0, 0, 0, 0, 0, 0, 0, 0, 0, 0, 0, 0, 0, 0, 0, 0, 0, 0, 0, 0, 0, 0, 0, 0, 0, 0, 0, 0, 0, 0, 0, 0, 0, 0, 0, 0, 0, 0, 0, 1, 0, 0, 1, 0, 0, 0, 0, 0, 0, 0, 0, 0, 0, 0, 0, 1, 0, 0, 1, 0, 1, 1, 1, 0, 0, 0, 0, 0, 0, 0, 0, 0, 0, 1, 1, 0, 1, 1, 0, 0, 0, 0, 0, 0, 0, 1, 1, 0, 0, 0, 0, 0, 0, 0, 0, 0, 0, 0, 0, 0, 0, 0, 0, 0, 0, 1, 1, 0, 1, 1, 0, 0, 0, 0, 0, 0, 0, 1, 1, 0, 0, 0, 0, 0, 0, 0, 0, 0, 0, 0, 0, 0, 0, 0, 0, 0, 1, 1, 1, 0, 0, 0, 0, 0, 0, 0, 1, 0, 0, 0, 0, 0, 1, 1, 1, 0, 0, 0, 0, 0, 0, 0, 0, 0, 0, 0, 0, 0, 0, 0, 0, 1, 0, 0, 1, 1, 0, 0, 0, 0, 0, 0, 0, 0, 1, 1, 1, 0, 0, 0, 0, 0, 0, 0, 0, 0, 0, 0, 0, 0, 0, 0, 0, 0, 0, 0, 0, 0, 0, 1, 1, 0, 1, 1, 0, 0, 0, 0, 0, 0, 0, 0, 0, 0, 0, 1, 1, 0, 0, 0, 0, 0, 0, 0, 0, 0, 0, 0, 0, 0, 0, 0, 0, 0, 0, 0, 0, 0, 0, 0, 0, 0, 0, 0, 0, 0, 0, 0, 0, 0, 0, 0, 0, 0, 0, 0, 0, 0, 0, 0, 0, 0, 0, 0, 0, 0, 0, 0, 0, 0, 0, 0, 0, 0, 0, 0, 0, 0, 0, 0, 0, 0, 0, 0, 0, 0, 0, 0, 0, 0, 1, 1, 1, 0, 0, 0, 0, 1, 0, 0, 1, 0, 0, 0, 0, 0, 0, 0, 0, 0, 0, 0, 0, 1, 0, 0, 0, 0, 0, 0, 0, 0, 0, 0, 0, 1, 1, 0, 0, 0, 0, 0, 0, 0, 0, 1, 1, 0, 0, 0, 0, 0, 0, 0, 0, 0, 1, 0, 0, 0, 0, 0, 0, 0, 0, 0, 0, 1, 1, 0, 0, 0, 0, 0, 0, 0, 0, 1, 1, 0, 0, 0, 0, 0, 0, 0, 0, 0, 1, 0, 0, 0, 0, 0, 0, 0, 0, 0, 0, 0, 0, 0, 0, 0, 1, 1, 1, 0, 0, 0, 0, 0, 0, 0, 0, 1, 0, 0, 1, 1, 0, 0, 1, 0, 0, 0, 0, 0, 0, 0, 0, 0, 0, 0, 0, 0, 0, 0, 0, 0, 0, 0, 0, 1, 0, 0, 0, 0, 0, 0, 0, 1, 0, 0, 1, 0, 0, 0, 0, 0, 0, 1, 1, 0, 0, 0, 0, 0, 0, 0, 0, 0, 0, 0, 0, 0, 0, 0, 0, 0, 0, 0, 0, 1, 1, 0, 0, 0, 0, 0, 0, 0, 0, 0, 0, 0, 0, 0, 0, 0, 0, 0, 0, 0, 0, 0, 0, 0, 1, 0, 0, 0, 0, 0, 0, 0, 0, 0, 0, 0, 0, 0, 0, 0, 1, 1, 0, 0, 0, 0, 0, 0, 0, 0, 0, 0, 0, 0, 0, 0, 0, 0, 0, 0, 0, 0, 0, 0, 0, 0, 0, 1, 0, 0, 0, 0, 1, 1, 0, 0, 0, 0, 0, 0, 0, 0, 0, 0, 0, 0, 0, 1, 0, 0, 1, 0, 0, 0, 0, 0, 0, 0, 0, 0, 1, 0, 0, 1, 1, 0, 0, 1, 1, 0, 1, 0, 0, 0, 0, 0, 0, 0, 0, 0, 0, 0, 0, 0, 0, 0, 0, 0, 0, 0, 0, 0, 0, 0, 0, 1, 1, 0, 0, 1, 1, 0, 1, 0, 0, 0, 0, 0, 0, 0, 0, 0, 0, 0, 0, 0, 0, 0, 0, 0, 0, 0, 0, 0, 0, 0, 0, 0, 0, 0, 0, 1, 0, 0, 0, 0, 0, 0, 0, 0, 0, 0, 0, 0, 0, 0, 0, 0, 0, 1, 1, 0, 0, 0, 0, 1, 0, 0, 1, 0, 0, 0, 0, 0, 0, 0, 0, 0, 1, 1, 0, 0, 0, 0, 0, 0, 0, 0, 0, 0, 0, 1, 1, 0, 0, 0, 0, 0, 0, 1, 1, 0, 0, 0, 0, 0, 0, 0, 0, 0, 0, 0, 0, 0, 0, 0, 1, 0, 1, 1, 1, 0, 0, 0, 0, 0, 0, 0, 0]

1th round left: input diff of Sbox: 
 0000 0000 0000 0000 0000 0000 0000 0000
1th round left: output diff of Sbox: 
 0000 0000 0000 0000 0000 0000 0000 0000
1th round right: 
 0111 0000 0000 0000 1000 0111 0000 0000
2th round left: input diff of Sbox: 
 0111 0111 0000 1000 0000 0000 0000 0000
2th round left: output diff of Sbox: 
 0011 0011 0000 0011 0000 0000 0000 0000
2th round right: 
 0000 0000 0000 0000 0000 0000 0000 0000
3th round left: input diff of Sbox: 
 0011 0000 0011 0000 0011 0000 0000 0000
3th round left: output diff of Sbox: 
 0111 0000 1110 0000 0111 0000 0000 0000
3th round right: 
 0111 1000 0111 0000 0000 0000 0000 0000
4th round left: input diff of Sbox: 
 0000 0000 1000 0111 0000 0000 1001 0000
4th round left: output diff of Sbox: 
 0000 0000 0011 0011 0000 0000 0011 0000
4th round right: 
 0000 0000 0011 0011 0000 0000 0011 0000
5th round left: input diff of Sbox: 
 0000 0000 0000 0000 0000 0000 0000 0000
5th round left: output diff of Sbox: 
 0000 0000 0000 0000 0000 0000 0000 0000
5th round right: 
 0000 0111 0000 1000 0000 0000 0000 1001
6th round left: input diff of Sbox: 
 0000 0000 0111 0000 1000 0000 0000 1001
6th round left: output diff of Sbox: 
 0000 0000 0110 0000 0011 0000 0000 0011
6th round right: 
 0000 0000 0000 0000 0000 0000 0000 0000
7th round left: input diff of Sbox: 
 0000 0000 0000 0011 0000 0000 0110 0011
7th round left: output diff of Sbox: 
 0000 0000 0000 0111 0000 0000 0001 0111
7th round right: 
 0000 0000 0000 0111 0000 1001 1000 0000
8th round left: input diff of Sbox: 
 0000 1001 0000 0000 0000 1001 0000 0111
8th round left: output diff of Sbox: 
 0000 0011 0000 0000 0000 0011 0000 0110
8th round right: 
 0000 0011 0000 0000 0000 0011 0000 0110
9th round left: input diff of Sbox: 
 0000 0000 0000 0000 0000 0000 0000 0000
9th round left: output diff of Sbox: 
 0000 0000 0000 0000 0000 0000 0000 0000
9th round right: 
 1001 0000 0000 0000 1001 0111 0000 0000
10th round left: input diff of Sbox: 
 1001 0111 0000 1001 0000 0000 0000 0000
10th round left: output diff of Sbox: 
 0011 0110 0000 0011 0000 0000 0000 0000
10th round right: 
 0000 0000 0000 0000 0000 0000 0000 0000
11th round left: input diff of Sbox: 
 0011 0000 0110 0000 0011 0000 0000 0000
11th round left: output diff of Sbox: 
 0111 0000 0001 0000 0111 0000 0000 0000
11th round right: 
 0111 1001 1001 0000 0000 0000 0000 0000
12th round left: input diff of Sbox: 
 0000 0000 1001 0111 0000 0000 1000 0000
12th round left: output diff of Sbox: 
 0000 0000 0011 0110 0000 0000 0011 0000
12th round right: 
 0000 0000 0011 0110 0000 0000 0011 0000
13th round left: input diff of Sbox: 
 0000 0000 0000 0000 0000 0000 0000 0000
13th round left: output diff of Sbox: 
 0000 0000 0000 0000 0000 0000 0000 0000
13th round right: 
 0000 0111 0000 1001 0000 0000 0000 1000
14th round left: input diff of Sbox: 
 0000 0000 0111 0000 1001 0000 0000 1000
14th round left: output diff of Sbox: 
 0000 0000 1100 0000 0011 0000 0000 0100
14th round right: 
 0000 0000 0000 0000 0000 0000 0000 0000
15th round left: input diff of Sbox: 
 0000 0000 0000 0011 0000 0000 1100 0100
15th round left: output diff of Sbox: 
 0000 0000 0000 0111 0000 0000 1001 1001
15th round right: 
 0000 0000 0000 0111 0000 1000 1001 0000
16th round left: input diff of Sbox: 
 0000 1000 0000 0000 0000 0000 0000 1001
16th round left: output diff of Sbox: 
 0000 0011 0000 0000 0000 0000 0000 1100
16th round right: 
 0000 0011 0000 0000 0000 0100 0000 1100
17th round left: input diff of Sbox: 
 0000 0100 0000 0000 0000 0000 0000 0000
17th round left: output diff of Sbox: 
 0000 0110 0000 0000 0000 0000 0000 0000
17th round right: 
 1000 0000 0000 0000 0000 1001 0000 0000
18th round left: input diff of Sbox: 
 1000 1001 0110 0000 0000 0000 0000 0000
18th round left: output diff of Sbox: 
 0100 1100 1101 0000 0000 0000 0000 0000
18th round right: 
 0100 0000 0000 0000 0000 0000 0000 0000
19th round left: input diff of Sbox: 
 0000 0000 1100 0000 0000 0000 1101 0000
19th round left: output diff of Sbox: 
 0000 0000 1000 0000 0000 0000 0011 0000
19th round right: 
 1001 0000 1000 0110 0000 0000 0000 0000
20th round left: input diff of Sbox: 
 1001 0000 0000 0000 0110 0011 0000 0000
20th round left: output diff of Sbox: 
 0011 0000 0000 0000 0001 0111 0000 0000
20th round right: 
 0000 0000 0000 1100 0000 0000 0000 1101