x_var list is [0, 0, 0, 0, 0, 0, 0, 0, 0, 0, 0, 0, 0, 0, 0, 0, 0, 0, 0, 0, 1, 1, 1, 1, 0, 0, 0, 0, 0, 0, 0, 0, 0, 0, 0, 0, 0, 0, 0, 0, 0, 0, 0, 0, 0, 0, 0, 1, 0, 0, 0, 0, 1, 0, 0, 0, 0, 0, 0, 0, 0, 0, 0, 0, 0, 0, 0, 0, 0, 0, 0, 0, 0, 0, 0, 0, 0, 0, 0, 0, 0, 0, 0, 0, 1, 0, 0, 0, 0, 0, 0, 0, 0, 0, 0, 0, 0, 0, 0, 0, 0, 0, 0, 0, 0, 0, 0, 0, 0, 0, 0, 1, 0, 0, 0, 0, 0, 0, 0, 0, 0, 0, 0, 0, 0, 0, 0, 0, 0, 0, 0, 0, 0, 0, 0, 0, 0, 0, 0, 0, 0, 0, 0, 0, 1, 1, 1, 1, 0, 0, 0, 0, 0, 0, 0, 0, 0, 0, 0, 0, 0, 0, 0, 0, 0, 0, 0, 0, 0, 0, 0, 0, 0, 0, 0, 0, 0, 0, 0, 0, 0, 0, 0, 0, 0, 0, 0, 0, 0, 0, 0, 0, 0, 0, 0, 0, 0, 0, 0, 0, 0, 0, 0, 0, 0, 0, 0, 0, 0, 0, 0, 0, 0, 0, 0, 0, 0, 0, 0, 0, 0, 0, 0, 0, 0, 0, 0, 0, 0, 0, 0, 0, 0, 0, 0, 0, 0, 0, 0, 0, 0, 0, 0, 0, 0, 0, 0, 0, 0, 0, 0, 1, 0, 0, 0, 0, 0, 0, 0, 0, 0, 0, 0, 0, 0, 0, 0, 0, 0, 0, 0, 0, 0, 0, 0, 0, 1, 0, 1, 0, 0, 0, 0, 0, 0, 0, 0, 0, 0, 0, 0, 0, 0, 0, 0, 0, 0, 0, 0, 0, 0, 0, 0, 0, 0, 0, 0, 0, 1, 0, 1, 0, 0, 0, 0, 0, 0, 0, 0, 0, 0, 0, 0, 0, 0, 0, 0, 1, 0, 0, 0, 0, 0, 0, 0, 0, 0, 0, 0, 0, 0, 0, 0, 0, 0, 0, 0, 0, 0, 0, 0, 0]

1th round left: input diff of Sbox: 
 0000 0000 0000 0000 0000 1111 0000 0000
1th round left: output diff of Sbox: 
 0000 0000 0000 0000 0000 1000 0000 0000
1th round right: 
 0000 0000 0000 0001 0000 1000 0000 0000
2th round left: input diff of Sbox: 
 0000 0000 0000 0000 0001 0000 0000 0000
2th round left: output diff of Sbox: 
 0000 0000 0000 0000 1111 0000 0000 0000
2th round right: 
 0000 0000 0000 0000 1111 0000 0000 0000
3th round left: input diff of Sbox: 
 0000 0000 0000 0000 0000 0000 0000 0000
3th round left: output diff of Sbox: 
 0000 0000 0000 0000 0000 0000 0000 0000
3th round right: 
 0000 0000 0000 0000 0000 0000 0001 0000
4th round left: input diff of Sbox: 
 0000 0000 0000 0000 0000 0001 0000 0000
4th round left: output diff of Sbox: 
 0000 0000 0000 0000 0000 1010 0000 0000
4th round right: 
 0000 0000 0000 0000 0000 0000 0000 0000
5th round left: input diff of Sbox: 
 0000 1010 0000 0000 0000 0000 0000 0000
5th round left: output diff of Sbox: 
 0000 0001 0000 0000 0000 0000 0000 0000
5th round right: 
 0000 0000 0000 0000 0001 0000 0000 0000