search process:
initialized: upperbound = max(42, 42) = 42.
initialized: LB_empty
[ 2  4  8 12 20 24 28 32 36 40  0  0  0  0  0  0  0  0  0  0  0  0  0  0  0
  0  0  0  0  0  0]
[ 4  8 12 16 20 24 28 32 36 40  0  0  0  0  0  0  0  0  0  0  0  0  0  0  0
  0  0  0  0  0  0]
[ 6 12 18 24 30 36 42 48 54 60  0  0  0  0  0  0  0  0  0  0  0  0  0  0  0
  0  0  0  0  0  0]
*****************************************************************
(*_*) We update upperbound = LB[10,1,8,80] = 41. 
*****************************************************************
From all of above, we obtain an optimal objective value:41.
time is 1298 s.
