search process:
initialized: upperbound = max(49, 51) = 49.
initialized: LB_empty
[ 2  4  8 12 20 24 28 32 36 41 44  0  0  0  0  0  0  0  0  0  0  0  0  0  0
  0  0  0  0  0  0]
[ 4  8 12 16 20 24 28 32 36 41 45  0  0  0  0  0  0  0  0  0  0  0  0  0  0
  0  0  0  0  0  0]
[ 6 12 18 24 30 36 42 48 54 60 66  0  0  0  0  0  0  0  0  0  0  0  0  0  0
  0  0  0  0  0  0]
*****************************************************************
(*_*) We update upperbound = LB[11,2,6,6219] = 48. 
*****************************************************************
*****************************************************************
(*_*) We update upperbound = LB[11,2,6,12841] = 46. 
*****************************************************************
From all of above, we obtain an optimal objective value:46.
time is 437 s.
