search process:
initialized: upperbound = max(72, 72) = 72.
initialized: LB_empty
[ 2  4  8 12 20 24 28 32 36 41 46 52 56 62 66 68  0  0  0  0  0  0  0  0  0
  0  0  0  0  0  0]
[ 4  8 12 16 20 24 28 32 36 41 46 52 56 62 66 70  0  0  0  0  0  0  0  0  0
  0  0  0  0  0  0]
[ 6 12 18 24 30 36 42 48 54 60 66 72 78 84 90 96  0  0  0  0  0  0  0  0  0
  0  0  0  0  0  0]
*****************************************************************
(*_*) We update upperbound = LB[16,2,9,6155] = 70. 
*****************************************************************
From all of above, we obtain an optimal objective value:70.
time is 370 s.
