search process:
initialized: upperbound = max(80, 80) = 80.
initialized: LB_empty
[ 2  4  8 12 20 24 28 32 36 41 46 52 56 62 66 70 74 76  0  0  0  0  0  0  0
  0  0  0  0  0  0]
[ 4  8 12 16 20 24 28 32 36 41 46 52 56 62 66 70 74 78  0  0  0  0  0  0  0
  0  0  0  0  0  0]
[  6  12  18  24  30  36  42  48  54  60  66  72  78  84  90  96 102 108
   0   0   0   0   0   0   0   0   0   0   0   0   0]
*****************************************************************
(*_*) We update upperbound = LB[18,2,10,12230] = 78. 
*****************************************************************
From all of above, we obtain an optimal objective value:78.
time is 628 s.
