search process:
initialized: upperbound = max(28, 28) = 28.
initialized: LB_empty
[ 2  4  8 12 20 24  0  0  0  0  0  0  0  0  0  0  0  0  0  0  0  0  0  0  0
  0  0  0  0  0  0]
[ 4  8 12 16 20 24  0  0  0  0  0  0  0  0  0  0  0  0  0  0  0  0  0  0  0
  0  0  0  0  0  0]
[ 6 12 18 24 30 36  0  0  0  0  0  0  0  0  0  0  0  0  0  0  0  0  0  0  0
  0  0  0  0  0  0]
*****************************************************************
(*_*) We update upperbound = LB[6,2,4,691] = 26. 
*****************************************************************
*****************************************************************
(*_*) We update upperbound = LB[6,2,4,6219] = 24. 
*****************************************************************
From all of above, we obtain an optimal objective value:24.
time is 249 s.
