x_var list is [0, 0, 0, 0, 0, 0, 0, 0, 0, 0, 0, 0, 0, 0, 0, 0, 1, 0, 1, 1, 0, 0, 0, 0, 0, 0, 0, 0, 0, 0, 0, 0, 0, 0, 0, 0, 0, 0, 0, 0, 0, 0, 0, 0, 0, 0, 0, 0, 1, 1, 1, 1, 0, 0, 0, 0, 0, 0, 0, 0, 0, 0, 0, 0, 0, 0, 0, 0, 0, 0, 0, 0, 0, 0, 0, 0, 0, 0, 0, 0, 0, 0, 0, 1, 0, 0, 0, 0, 0, 0, 0, 0, 0, 0, 0, 0, 0, 0, 0, 0, 0, 0, 0, 0, 0, 0, 0, 0, 0, 0, 0, 0, 0, 0, 0, 1, 0, 0, 0, 0, 0, 0, 0, 0, 0, 0, 0, 0, 0, 0, 0, 0, 0, 0, 0, 0, 0, 0, 0, 0, 0, 0, 0, 0, 0, 0, 0, 0, 0, 0, 0, 0, 0, 0, 0, 0, 0, 0, 0, 0, 0, 0, 0, 0, 1, 0, 1, 0, 0, 0, 0, 0, 1, 0, 1, 0, 0, 0, 0, 0, 0, 0, 0, 0, 0, 0, 0, 0, 0, 0, 0, 0, 0, 0, 0, 0, 0, 0, 0, 0, 0, 0, 0, 1, 0, 0, 0, 0, 0, 0, 0, 0, 0, 0, 0, 0, 0, 0, 0, 0, 0, 0, 0, 0, 0, 0, 0, 0, 0, 0, 0, 0, 0, 0, 0, 1, 0, 0, 0, 0, 0, 0, 0, 0, 0, 0, 0, 0, 0, 0, 0, 0, 0, 0, 0, 0, 1, 0, 1, 0, 0, 0, 0, 0, 1, 0, 1, 0, 0, 0, 0, 0, 0, 0, 0, 0, 0, 0, 0, 0, 0, 0, 0, 0, 0, 0, 0, 0, 0, 0, 0, 0, 0, 0, 0, 0, 0, 0, 0, 0, 0, 0, 0, 0, 0, 0, 0, 0, 0, 0, 0, 0, 0, 0, 0, 0, 0, 0, 0, 0, 0, 0, 0, 0, 0, 0, 0, 0, 0, 0, 0, 0, 0, 0, 0, 0, 0, 0, 0, 1, 0, 0, 0, 0, 0, 0, 0, 0, 0, 0, 0, 0, 0, 0, 0, 0, 0, 0, 0, 0, 0, 0, 0, 0, 0, 0, 0, 0, 0, 0, 0, 1, 0, 0, 0, 0, 0, 0, 0, 0, 0, 0, 0, 0, 0, 0, 0, 0, 0, 0, 0, 0, 0, 0, 0, 0, 0, 0, 0, 0, 0, 0, 0, 0, 0, 0, 0, 0, 0, 0, 0, 0, 0, 0, 0, 0, 0, 0, 0, 0, 1, 0, 1, 0, 0, 0, 0, 0, 1, 0, 1, 0, 0, 0, 0, 0, 0, 0, 0, 0, 0, 0, 0, 0, 0, 0, 0, 0, 0, 0, 0, 0, 0, 0, 0, 0, 0, 0, 0, 1, 0, 0, 0, 0, 0, 0, 0, 0, 0, 0, 0, 0, 0, 0, 0, 0, 0, 0, 0, 0, 0, 0, 0, 0, 0, 0, 0, 0, 0, 0, 0, 1, 0, 0, 0, 0, 0, 0, 0, 0, 0, 0, 0, 0, 0, 0, 0, 0, 0, 0, 0, 0, 1, 0, 1, 0, 0, 0, 0, 0, 1, 0, 1, 0, 0, 0, 0, 0, 0, 0, 0, 0, 0, 0, 0, 0, 0, 0, 0, 0, 0, 0, 0, 0, 0, 0, 0, 0, 0, 0, 0, 0, 0, 0, 0, 0, 0, 0, 0, 0, 0, 0, 0, 0, 0, 0, 0, 0, 0, 0, 0, 0, 0, 0, 0, 0, 0, 0, 0, 0, 0, 0, 0, 0, 0, 0, 0, 0, 0, 0, 0, 0, 0, 0, 0, 1, 0, 0, 0, 0, 0, 0, 0, 0, 0, 0, 0, 0, 0, 0, 0, 0, 0, 0, 0, 0, 0, 0, 0, 0, 0, 0, 0, 0, 0, 0, 0, 1, 0, 0, 0, 0, 0, 0, 0, 0, 0, 0, 0, 0, 0, 0, 0, 0, 0, 0, 0, 0, 0, 0, 0, 0, 0, 0, 0, 0, 0, 0, 0, 0, 0, 0, 0, 0, 0, 0, 0, 0, 0, 0, 0, 0, 0, 0, 0, 0, 1, 0, 1, 0, 0, 0, 0, 0, 1, 0, 1, 0, 0, 0, 0, 0, 0, 0, 0, 0, 0, 0, 0, 0, 0, 0, 0, 0, 0, 0, 0, 0, 0, 0, 0, 0, 0, 0, 0, 1, 0, 0, 0, 0, 0, 0, 0, 0, 0, 0, 0, 0, 0, 0, 0, 0, 0, 0, 0, 0, 0, 0, 0, 0, 0, 0, 0, 0, 0, 0, 0, 1, 0, 0, 0, 0, 0, 0, 0, 0, 0, 0, 0, 0, 0, 0, 0, 0, 0, 0, 0, 0, 1, 0, 1, 0, 0, 0, 0, 0, 1, 0, 1, 0, 0, 0, 0, 0, 0, 0, 0, 0, 0, 0, 0, 0, 0, 0, 0, 0, 0, 0, 0, 0, 0, 0, 0, 0, 0, 0, 0, 0, 0, 0, 0, 0, 0, 0, 0, 0, 0, 0, 0, 0, 0, 0, 0, 0, 0, 0, 0, 0, 0, 0, 0, 0, 0, 0, 0, 0, 0, 0, 0, 0, 0, 0, 0, 0, 0, 0, 0, 0, 0, 0, 0, 1, 0, 0, 0, 0, 0, 0, 0, 0, 0, 0, 0, 0, 0, 0, 0, 0, 0, 0, 0, 0, 0, 0, 0, 0, 0, 0, 0, 0, 0, 0, 0, 1, 0, 0, 0, 0, 0, 0, 0, 0, 0, 0, 0, 0, 0, 0, 0, 0, 0, 0, 0, 0, 0, 0, 0, 0, 0, 0, 0, 0, 0, 0, 0, 0, 0, 0, 0, 0, 0, 0, 0, 0, 0, 0, 0, 0, 0, 0, 0, 0, 0, 1, 0, 1, 0, 0, 0, 0, 0, 1, 0, 1, 0, 0, 0, 0, 0, 0, 0, 0, 0, 0, 0, 0, 0, 0, 0, 0, 0, 0, 0, 0, 0, 0, 0, 0, 0, 0, 0, 0, 0, 0, 0, 0, 0, 0, 0, 0, 0, 0, 0, 0, 1, 0, 0, 0, 0, 0, 0, 0, 0, 0, 0, 0, 0, 0, 0, 0, 0, 0, 0, 0, 0, 0, 0, 0, 0, 0, 0, 0, 0, 0, 0, 0, 1, 0, 0, 0, 0, 0, 0, 0, 0, 0, 0, 0, 0, 0, 0, 0, 0, 0, 0, 0, 0, 0, 0, 0, 0, 0, 0, 0, 0, 0, 1, 1, 0, 0, 0, 0, 0, 0, 1, 1, 0, 0, 0, 0, 0, 0, 0, 0, 0, 0, 0, 0, 0, 0, 0, 0, 0, 0, 0, 0, 0, 0, 0, 0, 0, 0, 0, 0, 0, 0, 0, 0]
1th round input diff of Sbox: 
 0000 0000 0000 0000 1011 0000 0000 0000 0000 0000 0000 0000 1111 0000 0000 0000
1th round output diff of Sbox: 
 0000 0000 0000 0000 0001 0000 0000 0000 0000 0000 0000 0000 0001 0000 0000 00002th round input diff of Sbox: 
 0000 0000 0000 0000 0000 0000 0000 0000 0000 0001 0000 0001 0000 0000 0000 0000
2th round output diff of Sbox: 
 0000 0000 0000 0000 0000 0000 0000 0000 0000 1010 0000 1010 0000 0000 0000 00003th round input diff of Sbox: 
 0000 0000 1010 0000 0000 0000 0000 0000 0000 0000 1010 0000 0000 0000 0000 0000
3th round output diff of Sbox: 
 0000 0000 0001 0000 0000 0000 0000 0000 0000 0000 0001 0000 0000 0000 0000 00004th round input diff of Sbox: 
 0001 0000 0001 0000 0000 0000 0000 0000 0000 0000 0000 0000 0000 0000 0000 0000
4th round output diff of Sbox: 
 1010 0000 1010 0000 0000 0000 0000 0000 0000 0000 0000 0000 0000 0000 0000 00005th round input diff of Sbox: 
 0000 0000 0000 0000 1010 0000 0000 0000 0000 0000 0000 0000 1010 0000 0000 0000
5th round output diff of Sbox: 
 0000 0000 0000 0000 0001 0000 0000 0000 0000 0000 0000 0000 0001 0000 0000 00006th round input diff of Sbox: 
 0000 0000 0000 0000 0000 0000 0000 0000 0000 0001 0000 0001 0000 0000 0000 0000
6th round output diff of Sbox: 
 0000 0000 0000 0000 0000 0000 0000 0000 0000 1010 0000 1010 0000 0000 0000 00007th round input diff of Sbox: 
 0000 0000 1010 0000 0000 0000 0000 0000 0000 0000 1010 0000 0000 0000 0000 0000
7th round output diff of Sbox: 
 0000 0000 0001 0000 0000 0000 0000 0000 0000 0000 0001 0000 0000 0000 0000 00008th round input diff of Sbox: 
 0001 0000 0001 0000 0000 0000 0000 0000 0000 0000 0000 0000 0000 0000 0000 0000
8th round output diff of Sbox: 
 1010 0000 1010 0000 0000 0000 0000 0000 0000 0000 0000 0000 0000 0000 0000 00009th round input diff of Sbox: 
 0000 0000 0000 0000 1010 0000 0000 0000 0000 0000 0000 0000 1010 0000 0000 0000
9th round output diff of Sbox: 
 0000 0000 0000 0000 0001 0000 0000 0000 0000 0000 0000 0000 0001 0000 0000 000010th round input diff of Sbox: 
 0000 0000 0000 0000 0000 0000 0000 0000 0000 0001 0000 0001 0000 0000 0000 0000
10th round output diff of Sbox: 
 0000 0000 0000 0000 0000 0000 0000 0000 0000 1010 0000 1010 0000 0000 0000 000011th round input diff of Sbox: 
 0000 0000 1010 0000 0000 0000 0000 0000 0000 0000 1010 0000 0000 0000 0000 0000
11th round output diff of Sbox: 
 0000 0000 0001 0000 0000 0000 0000 0000 0000 0000 0001 0000 0000 0000 0000 000012th round input diff of Sbox: 
 0001 0000 0001 0000 0000 0000 0000 0000 0000 0000 0000 0000 0000 0000 0000 0000
12th round output diff of Sbox: 
 1010 0000 1010 0000 0000 0000 0000 0000 0000 0000 0000 0000 0000 0000 0000 000013th round input diff of Sbox: 
 0000 0000 0000 0000 1010 0000 0000 0000 0000 0000 0000 0000 1010 0000 0000 0000
13th round output diff of Sbox: 
 0000 0000 0000 0000 0001 0000 0000 0000 0000 0000 0000 0000 0001 0000 0000 000014th round input diff of Sbox: 
 0000 0000 0000 0000 0000 0000 0000 0000 0000 0001 0000 0001 0000 0000 0000 0000
14th round output diff of Sbox: 
 0000 0000 0000 0000 0000 0000 0000 0000 0000 0101 0000 0101 0000 0000 0000 000015th round input diff of Sbox: 
 0000 0000 0000 0000 0000 0000 0101 0000 0000 0000 0000 0000 0000 0000 0101 0000
15th round output diff of Sbox: 
 0000 0000 0000 0000 0000 0000 1000 0000 0000 0000 0000 0000 0000 0000 1000 000016th round input diff of Sbox: 
 0000 0000 0000 0000 0000 1000 0000 1000 0000 0000 0000 0000 0000 0000 0000 0000
16th round output diff of Sbox: 
 0000 0000 0000 0000 0000 0011 0000 0011 0000 0000 0000 0000 0000 0000 0000 0000