-2 -6 1 -3 -2 -4 -3 -6 5 17 0 0
2 7 -4 -1 8 4 5 2 9 -9 0 0
1 3 5 11 -2 1 7 2 8 -10 0 0
1 -6 -10 2 -1 2 -8 -4 7 19 0 0
1 7 5 2 2 -6 -6 4 3 2 0 0
7 -1 5 2 2 3 6 7 -1 -7 0 0
1 2 -2 -1 -3 -1 1 -2 -2 8 0 0
-2 -5 4 -10 -6 -2 -3 -1 10 18 0 0
-3 -5 3 3 4 -3 -2 -4 2 9 0 0
-1 2 1 -3 2 3 3 1 -2 2 0 0
-1 -2 -4 2 4 5 -3 1 3 3 0 0
-1 1 4 3 -2 4 -3 -3 -2 7 0 0
-1 -1 -2 -3 -5 -2 -1 3 3 10 0 0
3 -3 -1 -3 -3 -1 -2 -2 -1 12 0 0
1 3 -2 -3 2 4 1 -3 1 3 0 0
-1 -1 2 -3 3 -1 2 1 -1 4 0 0
-2 -1 -2 3 2 -3 1 -2 -1 8 0 0
0 2 -1 1 -1 2 -2 2 -2 4 0 0
-1 1 1 2 -2 -1 0 2 -1 3 0 0
-3 -2 -2 1 -2 1 1 -1 2 6 0 0
1 -2 -3 1 2 2 -1 2 1 2 0 0
2 3 1 3 -1 1 2 0 0 -2 0 0
-1 -1 -1 -1 0 -1 -1 0 -1 6 0 0
-1 0 0 -1 -1 1 1 -1 0 3 0 0
-1 1 -1 0 0 -1 1 -1 -1 4 0 0
-2 -3 1 -1 -2 3 -1 1 3 5 0 0
